code_hw01/idw.asc
NCOLS 184
NROWS 101
XLLCORNER 505011.47
YLLCORNER 5258286.13
CELLSIZE 100.0
NODATA_VALUE -9999
[rows 0 to 35 of 101, columns 0 to 81 of 184]
133.0 134.2 139.5 154.8 138.6 127.6 130.1 129.8 120.4 128.7 129.8 137.3 151.2 153.2 152.2 176.0 184.3 193.7 188.0 198.5 191.2 223.3 251.7 298.6 308.9 364.3 378.8 391.1 417.6 427.0 463.9 511.1 526.0 540.8 562.2 576.1 583.2 591.4 598.7 600.4 595.1 618.3 623.0 605.2 578.9 574.4 577.7 553.3 529.8 513.8 472.9 450.9 419.8 416.9 384.5 335.9 346.5 334.8 322.9 318.4 307.2 311.6 300.9 295.6 282.3 278.2 265.9 250.0 210.2 169.6 129.5 98.9 105.3 103.4 109.8 140.4 204.4 238.8 243.8 233.2 201.3 196.6
131.2 134.6 137.8 142.4 110.4 120.6 131.4 134.2 136.6 141.2 146.0 153.2 157.5 154.8 172.2 184.1 184.5 206.1 200.9 213.2 217.6 243.5 247.9 315.5 355.5 373.5 376.8 401.1 435.1 439.0 489.3 532.9 539.2 538.7 556.0 575.7 579.5 590.6 599.3 610.6 612.2 613.9 623.4 594.7 560.7 566.2 561.0 538.6 519.4 510.8 482.3 449.3 424.0 416.0 384.2 351.9 351.9 341.3 326.8 314.9 304.8 303.8 297.0 295.0 279.7 273.0 260.5 250.0 222.4 181.1 141.4 114.6 108.4 101.5 104.5 127.3 183.4 223.4 232.2 203.1 189.3 179.6
132.9 137.1 134.7 128.6 119.9 121.7 129.6 136.7 146.1 156.3 157.1 158.1 170.9 167.5 186.9 196.2 218.4 234.4 234.2 244.2 254.2 262.4 285.9 356.0 389.9 390.0 438.9 450.3 470.6 489.7 520.0 546.0 546.8 534.2 561.3 582.1 590.4 598.5 604.3 613.2 615.0 597.5 594.8 553.5 527.5 529.7 521.5 524.9 519.2 499.2 488.5 446.7 425.2 418.5 386.4 369.9 355.3 346.1 332.1 311.4 286.1 279.9 287.3 281.4 275.3 268.1 257.9 244.0 231.1 193.6 150.6 125.0 107.8 83.9 92.6 111.6 161.2 193.2 197.7 195.9 181.1 165.1
128.5 129.9 126.2 121.7 118.7 120.6 128.8 137.3 151.7 157.8 160.4 163.6 176.7 189.7 204.9 217.1 246.4 260.6 287.1 279.5 284.0 308.8 357.2 409.7 427.9 447.0 464.6 491.2 497.2 515.1 540.7 551.3 555.9 558.0 574.9 584.8 594.6 602.2 606.2 617.5 602.8 566.2 531.5 520.5 480.2 496.1 505.9 516.5 533.1 508.4 480.5 447.9 421.2 402.5 367.5 368.7 355.1 347.8 334.2 310.7 284.4 276.7 276.9 263.6 269.1 267.7 260.5 250.5 245.8 201.6 164.5 139.1 120.0 106.7 79.5 108.0 135.6 160.2 168.0 164.9 163.2 142.0
124.9 120.1 114.2 112.4 113.5 117.5 128.5 137.2 156.2 169.8 184.4 189.9 199.3 196.1 224.1 245.4 265.3 288.8 310.8 305.3 323.5 375.2 418.2 427.3 444.4 467.5 482.7 495.2 523.3 532.3 545.0 557.1 567.5 569.3 578.9 586.0 595.3 601.9 595.1 598.3 566.9 514.6 510.2 481.1 467.9 463.7 442.8 500.0 541.7 516.6 507.6 501.1 452.7 426.0 396.9 380.2 363.1 352.8 331.5 310.1 283.6 277.6 270.7 265.9 265.7 266.0 264.4 263.0 271.0 213.4 172.1 156.2 149.5 119.2 111.1 103.6 108.9 122.2 125.0 124.8 126.9 103.9
121.1 113.5 92.5 104.3 107.0 117.9 124.5 138.4 163.8 182.0 206.0 212.0 222.1 227.2 222.3 248.8 285.1 318.1 332.7 348.8 371.4 424.0 448.5 445.7 465.5 494.6 504.0 518.3 531.4 538.3 547.2 560.8 569.2 572.7 581.9 592.4 598.0 599.8 580.6 549.2 511.8 493.9 468.3 440.8 405.1 417.0 437.7 466.4 516.5 547.4 546.2 496.1 482.1 445.9 416.8 384.3 358.4 342.1 324.2 297.0 279.5 271.9 267.2 266.2 265.8 263.1 262.9 263.7 257.8 221.0 179.3 178.8 150.9 138.4 119.5 100.5 84.5 84.5 97.4 104.1 93.9 84.6
107.9 102.8 98.3 97.9 105.2 117.4 129.8 139.6 167.5 186.1 212.6 235.8 256.2 240.5 250.6 277.3 310.5 335.4 372.7 391.7 419.0 447.7 476.8 479.3 490.6 493.7 505.2 520.3 537.6 542.1 548.9 561.7 567.1 576.9 584.0 591.9 598.3 589.3 561.6 507.2 461.7 452.0 414.8 391.9 375.0 394.6 405.2 446.4 510.6 555.1 565.4 489.3 470.6 466.7 440.0 396.1 353.6 332.4 312.6 295.0 277.9 279.4 267.8 261.7 257.9 254.9 255.1 262.9 244.0 209.9 180.9 174.2 154.3 135.3 110.7 87.2 68.4 54.2 62.9 72.6 70.6 67.4
97.8 95.7 99.2 103.2 110.1 122.7 135.7 148.8 169.1 208.8 252.9 281.1 296.3 302.2 292.8 312.9 333.9 348.1 383.4 418.6 430.8 462.1 479.0 480.8 487.8 493.5 506.7 519.2 533.5 542.0 546.1 560.2 564.7 577.6 582.2 585.1 587.2 564.8 531.7 460.5 415.0 405.3 389.8 374.6 353.0 376.7 408.8 459.4 520.2 540.3 507.7 473.0 459.7 448.8 431.9 410.1 353.7 329.8 304.0 288.4 276.0 264.9 255.5 250.6 234.5 223.3 219.0 214.1 204.4 183.5 169.4 172.4 148.2 129.2 104.8 80.7 58.6 49.0 46.8 56.3 49.7 36.7
91.3 87.6 95.1 106.0 119.2 129.9 139.9 153.6 179.0 210.7 284.1 315.7 323.0 327.2 321.0 342.6 352.0 373.1 399.8 425.6 439.2 457.9 475.2 481.2 490.3 495.2 505.1 515.2 527.9 531.1 541.9 552.3 559.3 568.7 582.3 577.8 591.5 549.1 519.0 435.8 397.0 386.8 365.6 352.9 331.1 367.5 388.5 423.7 461.6 486.9 474.1 453.5 447.1 408.0 401.0 392.6 361.9 320.1 283.6 268.6 252.0 240.9 239.3 226.0 202.2 182.2 164.7 161.4 163.0 152.3 140.9 137.4 125.8 103.9 86.7 65.5 50.9 43.3 44.5 43.4 36.7 28.6
89.6 91.3 98.0 108.2 121.0 127.3 142.7 164.1 180.1 217.8 268.6 316.8 354.2 348.6 363.0 363.1 388.0 396.9 408.2 429.0 448.8 466.2 468.0 477.9 484.9 488.6 503.2 516.5 527.6 534.6 542.9 547.2 553.2 561.1 569.3 567.5 560.4 539.6 488.5 412.8 378.8 352.3 328.3 328.8 318.7 363.2 390.7 403.5 429.5 453.6 446.8 431.3 411.9 382.6 376.9 372.1 339.5 302.0 279.7 272.6 244.4 221.9 215.3 181.3 177.3 154.5 151.1 146.1 136.1 132.4 120.7 107.6 99.4 83.7 77.2 53.6 43.2 39.2 35.0 31.4 29.8 26.5
95.7 102.9 107.7 115.0 119.6 121.9 142.5 165.4 184.9 237.4 258.8 305.0 344.3 362.9 363.4 370.8 388.8 397.8 414.5 425.6 440.4 449.8 461.9 473.3 480.3 486.5 494.8 515.4 529.1 538.1 542.8 545.6 555.2 556.9 565.6 556.5 528.2 495.2 454.2 400.0 352.6 329.7 322.3 326.2 329.0 356.2 388.9 405.6 420.9 427.6 418.3 395.3 391.9 375.6 360.9 343.6 314.5 294.5 280.1 272.7 247.8 223.3 184.1 139.9 137.3 123.1 125.3 127.0 128.9 129.3 117.6 92.5 83.5 73.1 57.7 42.1 37.8 31.4 28.9 26.0 25.3 22.6
96.2 102.7 110.7 121.2 123.3 125.4 142.6 166.5 185.1 237.8 247.3 290.1 316.8 333.3 348.2 350.9 373.7 395.5 409.8 424.5 432.4 435.1 447.7 456.9 472.1 478.7 490.9 507.1 526.5 536.5 542.8 548.6 547.9 547.5 546.3 535.1 507.5 480.4 449.8 386.3 348.0 327.2 318.1 315.2 321.4 344.6 376.4 398.1 436.0 416.7 388.5 370.7 352.3 325.0 316.5 302.5 294.6 280.5 274.6 271.1 248.1 212.0 172.0 146.8 118.5 103.0 115.0 120.8 115.5 112.2 101.2 72.5 69.8 56.4 38.0 32.7 24.1 23.0 19.0 19.8 19.7 17.2
98.9 100.1 110.0 118.8 123.0 131.1 147.0 171.7 190.2 209.4 218.0 263.9 263.2 306.4 334.3 335.5 355.3 382.5 404.7 415.6 417.0 420.6 430.9 446.7 456.9 474.8 493.4 502.4 517.6 531.8 538.0 541.3 538.4 538.5 528.4 505.1 495.9 466.0 428.7 368.6 356.7 340.5 301.5 289.2 286.1 297.5 364.9 376.3 405.8 395.8 371.8 360.1 326.8 300.6 297.3 298.2 286.5 280.5 278.6 288.9 247.8 212.1 180.5 146.8 125.8 117.1 118.4 116.2 110.3 102.9 88.0 73.7 61.3 37.0 25.7 26.5 20.2 16.9 15.5 12.9 13.3 11.3
101.3 103.4 109.0 113.1 119.4 129.4 141.3 156.4 177.9 164.5 198.4 235.3 244.2 290.0 309.4 323.6 336.8 359.4 388.4 402.8 408.0 410.3 410.8 437.4 456.0 469.8 493.3 500.2 511.2 525.9 529.2 521.9 525.2 506.4 473.0 437.0 454.3 434.9 401.9 365.9 347.6 334.9 309.9 272.0 247.1 298.1 332.4 350.4 366.5 376.0 372.7 354.2 317.6 307.1 287.8 247.6 274.5 267.7 261.4 258.6 233.4 221.7 210.0 156.3 125.0 101.3 106.7 104.1 94.8 84.5 71.6 56.7 39.2 28.5 21.0 16.6 12.0 13.3 12.3 10.7 8.7 2.9
101.0 104.3 110.0 112.4 114.1 122.4 136.6 138.6 168.1 186.2 190.4 237.9 265.9 290.5 267.4 303.7 286.0 345.2 367.8 380.9 387.8 390.4 402.3 422.6 460.4 471.7 493.1 501.7 505.7 516.0 517.2 490.9 466.4 446.3 423.1 423.2 414.5 395.9 382.0 346.0 336.7 334.2 327.8 297.0 274.1 268.1 298.5 335.0 353.0 370.3 358.7 338.6 323.2 299.9 280.5 260.5 256.8 239.1 227.4 223.1 210.2 205.2 187.9 164.9 141.6 117.3 102.6 93.2 82.3 71.0 59.8 41.2 29.4 20.9 12.8 12.2 10.2 7.8 4.4 3.5 3.2 1.3
100.3 105.6 110.3 109.4 112.6 119.4 135.0 151.2 177.5 205.4 240.9 253.8 281.2 314.8 323.2 322.5 321.3 337.0 354.5 365.4 368.9 392.9 401.0 422.8 449.5 467.4 487.5 498.5 503.1 485.8 470.3 447.7 424.5 426.9 400.9 386.7 363.5 354.9 346.7 332.3 329.5 320.4 314.6 303.0 275.7 241.9 262.4 328.6 350.6 353.2 340.7 333.5 320.7 276.7 261.5 245.8 213.3 205.5 221.1 203.2 199.4 199.5 168.5 154.6 152.3 123.4 90.4 78.7 66.5 51.7 46.7 31.6 21.9 11.8 11.1 8.9 5.4 2.6 0.3 0.7 1.2 0.6
98.0 107.1 107.8 115.3 118.1 126.5 136.7 159.5 175.1 195.4 241.6 269.7 288.8 311.4 318.4 325.4 325.8 337.6 362.8 369.7 387.2 399.9 408.3 431.3 439.1 462.5 472.7 474.6 476.4 483.6 445.4 420.3 410.1 389.6 377.0 353.2 352.3 348.7 335.1 324.3 324.7 317.7 314.1 304.6 272.6 258.1 252.3 286.2 325.3 345.0 326.7 325.0 312.4 272.6 249.9 207.8 171.3 170.4 174.0 165.5 165.9 166.8 149.8 145.1 128.5 99.9 57.4 57.2 45.2 35.5 25.5 15.9 10.2 4.4 5.5 4.4 1.9 0.9 0.4 0.6 0.2 0.3
99.2 112.1 118.7 121.1 124.4 135.7 141.6 156.5 172.0 185.3 228.8 250.1 275.4 322.0 294.4 312.8 325.7 339.5 380.1 376.2 393.7 414.8 408.3 425.2 438.2 453.2 446.0 437.8 433.8 426.0 409.1 399.8 387.7 373.3 354.4 338.0 335.9 329.5 319.7 322.7 320.5 315.3 315.9 294.9 253.8 258.7 240.4 272.1 290.1 311.4 313.5 310.6 296.8 264.9 230.2 179.6 173.1 163.7 150.5 145.7 145.5 141.4 137.7 135.6 118.5 95.8 63.8 46.4 33.7 24.1 19.4 5.0 4.3 0.3 2.6 1.6 0.5 0.1 0.4 0.1 0.1 0.8
111.1 120.0 126.6 131.1 144.5 149.4 155.9 163.8 177.4 192.4 220.3 240.0 253.2 273.8 275.6 285.5 314.1 322.2 350.5 375.1 387.6 399.9 408.3 421.4 441.3 458.4 436.7 420.2 409.4 384.0 387.2 369.1 355.1 340.0 333.4 323.3 318.5 313.2 310.3 310.5 308.9 315.6 322.0 283.7 255.2 250.2 242.7 242.1 284.3 287.7 294.5 290.1 265.8 239.1 204.5 167.9 162.1 147.7 127.7 132.0 132.9 117.1 116.0 112.6 97.1 80.1 52.8 33.2 20.8 20.1 13.5 4.5 1.0 1.3 0.8 1.0 0.8 0.6 1.8 1.3 1.4 1.6
121.5 127.1 137.1 148.9 164.7 165.4 168.1 182.1 198.5 205.9 198.8 227.9 232.5 263.0 263.2 275.6 308.8 330.5 358.0 378.4 383.2 402.3 415.0 423.8 433.8 437.1 415.1 411.0 389.3 371.6 361.5 340.8 321.5 313.4 297.3 302.9 303.7 297.6 298.1 302.5 305.6 313.6 312.3 299.7 272.8 231.9 172.2 246.2 268.6 267.8 270.7 244.9 234.1 229.8 187.6 147.3 141.4 127.3 119.0 114.8 104.1 86.5 95.2 111.5 92.4 63.5 44.0 35.2 25.2 17.3 9.3 3.4 1.0 1.0 1.6 2.3 2.2 2.9 3.2 4.0 4.8 6.1
139.6 144.0 154.6 164.6 174.0 194.7 206.2 214.5 219.1 222.2 234.7 247.7 255.8 279.5 277.3 284.4 322.2 341.0 377.7 401.2 402.9 403.9 429.4 435.7 430.9 414.7 394.9 396.7 372.4 349.6 323.1 298.0 299.2 289.3 283.1 274.5 277.7 273.8 277.8 297.0 297.6 305.6 305.8 305.2 281.7 251.2 226.2 229.5 243.6 256.6 251.4 237.2 230.2 219.5 174.5 142.4 129.4 108.0 95.1 85.8 83.1 74.3 71.5 84.9 82.8 56.6 34.8 26.5 19.6 12.1 7.2 1.8 0.8 1.0 3.0 3.3 3.5 2.9 4.6 5.6 4.2 16.5
149.0 148.3 183.2 208.3 224.5 250.6 262.6 243.7 239.8 239.5 265.3 278.6 270.5 281.9 295.3 315.5 338.9 383.3 420.5 434.4 438.1 437.1 444.6 446.1 431.5 408.4 384.6 378.5 352.1 321.3 293.2 295.3 290.9 279.2 262.2 268.2 269.9 266.0 268.2 284.2 284.3 289.6 298.7 297.7 284.9 245.2 224.1 208.8 212.9 243.8 255.1 224.4 213.7 196.4 153.9 114.3 88.7 79.6 73.4 67.5 69.2 68.7 55.6 60.2 54.5 40.5 21.6 5.5 9.7 9.4 4.1 0.3 1.0 3.6 4.2 7.7 8.4 9.2 8.2 15.3 17.6 33.4
155.4 182.6 224.9 253.6 270.4 292.1 290.4 284.8 287.1 289.0 291.7 299.7 309.3 317.6 333.5 355.5 392.8 428.9 444.9 457.4 470.6 462.3 479.5 468.9 447.8 402.5 383.2 366.6 324.1 312.0 280.6 283.1 279.9 270.7 262.6 262.5 262.5 262.8 271.9 275.5 280.9 288.2 290.0 293.4 285.0 233.2 188.8 163.3 171.4 182.1 209.2 206.1 187.1 160.9 132.2 90.6 78.7 82.5 59.9 61.7 59.7 54.0 48.1 39.8 28.8 23.5 8.5 4.3 4.3 2.3 0.9 1.0 4.0 10.5 12.5 16.1 9.8 16.2 28.4 28.8 31.0 49.0
190.5 232.7 253.6 272.7 304.3 335.3 349.5 333.2 320.0 309.5 312.7 329.7 341.2 358.5 403.3 400.7 415.3 439.8 448.1 455.7 472.7 471.1 486.7 491.8 473.1 408.8 386.3 352.7 315.9 282.4 289.6 276.3 271.6 267.0 264.0 260.0 257.6 252.2 252.4 277.3 275.6 284.2 285.1 283.0 279.1 263.2 201.9 170.5 154.3 152.1 166.2 168.0 163.9 137.9 101.8 79.3 71.3 68.1 57.0 57.4 50.5 34.3 25.1 14.2 9.7 7.2 2.9 0.9 1.2 0.2 0.5 8.0 21.7 18.3 15.4 28.1 33.5 39.9 35.8 37.7 49.3 66.6
221.2 250.0 275.7 295.3 324.9 336.0 356.1 357.1 330.0 324.7 338.8 338.0 344.0 360.8 397.1 394.3 401.5 412.4 433.5 448.2 463.8 465.0 477.3 488.6 475.4 418.5 375.0 347.2 305.9 284.9 275.4 270.1 268.4 260.0 256.6 253.1 248.3 249.4 252.6 256.8 252.5 263.4 270.3 268.8 263.5 245.9 201.7 165.7 154.4 147.0 150.8 150.6 136.9 108.8 91.4 75.9 72.1 62.3 57.8 53.7 41.1 27.9 21.2 9.4 7.3 5.6 2.4 0.4 0.5 0.1 2.7 20.8 44.1 49.6 51.1 53.6 61.8 72.1 62.5 62.9 78.2 79.8
219.1 259.8 283.6 304.1 330.2 357.4 362.3 350.0 327.0 307.9 310.2 301.9 311.1 341.0 365.8 376.3 385.8 386.0 412.7 430.8 427.5 442.6 457.0 465.3 459.5 440.1 356.2 307.7 265.3 247.7 245.2 238.5 239.4 246.6 243.2 229.9 230.5 226.3 216.7 205.4 211.5 224.9 230.3 237.3 225.4 203.9 177.1 149.3 134.0 121.0 110.9 124.7 105.4 95.1 82.6 76.9 68.7 59.2 54.2 46.9 29.8 23.2 13.6 7.0 5.5 4.0 2.5 0.9 0.5 0.5 12.2 39.4 68.5 76.2 76.7 79.1 73.8 76.9 92.8 121.9 137.5 130.5
186.7 259.6 280.3 301.2 335.7 341.8 346.7 360.5 314.0 278.3 268.0 265.6 277.5 311.9 374.3 340.2 326.5 329.7 358.3 383.5 374.0 377.6 410.2 451.4 462.4 402.8 314.1 263.0 237.1 232.1 222.1 218.7 209.8 201.3 192.6 181.7 171.1 174.7 173.8 190.1 178.0 176.1 168.6 189.2 217.4 189.3 148.1 159.4 134.5 114.5 99.8 106.1 91.4 82.4 73.8 74.2 63.5 53.9 49.7 38.9 22.3 16.7 9.0 6.6 5.5 3.9 2.4 0.4 0.5 4.9 19.5 50.4 71.3 77.1 88.6 92.6 108.3 117.0 158.2 184.4 198.0 194.8
188.4 230.3 256.2 275.4 302.7 316.3 324.4 321.7 305.6 255.6 237.7 240.1 238.2 263.3 293.5 288.5 273.7 288.6 294.8 305.1 329.7 343.5 358.8 406.8 414.1 339.1 267.4 242.3 224.6 217.6 208.7 202.4 190.4 173.3 139.6 132.2 141.3 132.0 136.4 140.8 139.3 144.8 153.3 165.9 169.4 147.6 130.4 125.4 137.8 111.7 101.2 93.8 79.4 67.4 62.1 59.2 56.3 44.2 35.0 33.8 23.3 14.2 6.5 4.5 5.0 3.8 2.5 0.7 0.2 3.4 22.7 54.4 74.7 89.7 105.1 105.7 114.0 140.9 192.3 211.9 234.5 205.1
177.1 194.1 230.4 250.3 272.9 291.5 304.9 295.8 266.2 225.3 196.2 194.0 197.9 218.7 229.2 253.2 267.1 274.3 277.5 267.4 284.9 330.9 337.8 347.7 344.9 304.2 262.4 243.2 233.2 202.3 194.6 196.1 186.1 183.1 139.3 121.0 119.7 121.5 123.0 133.7 131.0 130.6 144.9 167.1 142.3 125.8 113.2 96.6 96.3 92.3 93.3 81.8 64.7 60.0 56.7 53.8 51.1 44.3 37.7 30.8 18.0 10.2 4.7 3.9 3.8 3.3 2.3 1.9 3.6 7.6 28.3 61.4 78.3 91.9 99.0 91.9 119.9 162.0 215.8 262.9 285.6 265.2
154.3 168.9 191.2 204.6 216.4 265.9 281.1 253.3 217.6 200.7 185.2 179.1 180.8 191.9 202.2 208.9 232.9 240.7 245.4 236.9 245.6 270.7 305.8 307.8 313.6 323.6 261.4 254.8 236.3 211.5 198.2 187.1 176.1 175.8 150.3 105.3 112.9 119.1 114.8 118.2 114.8 116.2 127.5 129.6 115.2 115.0 108.8 92.8 81.5 80.6 77.3 71.2 59.0 56.0 52.1 49.3 44.3 40.2 32.4 26.0 15.1 7.6 3.4 2.6 2.4 2.1 1.8 5.3 10.8 18.2 45.4 67.0 80.8 103.3 105.7 98.5 123.4 182.5 246.8 290.7 296.2 296.4
143.0 146.1 164.1 163.6 190.7 213.7 229.5 212.6 189.9 174.4 139.8 134.5 145.7 163.8 156.4 167.3 194.3 200.7 168.9 221.3 232.3 242.0 253.4 266.6 278.9 277.8 250.2 243.8 230.4 209.0 188.1 180.2 166.8 170.1 151.4 119.2 110.4 107.7 101.5 92.5 93.4 102.7 112.4 122.8 108.7 109.9 101.3 90.4 79.9 65.6 67.3 57.6 50.0 45.3 45.3 45.0 40.2 36.1 31.1 22.8 14.0 4.6 1.2 1.0 1.1 1.1 4.4 12.6 29.3 45.0 52.5 79.6 108.6 124.0 152.0 154.5 171.8 227.2 267.1 298.5 303.4 310.0
116.1 119.2 131.6 153.5 169.1 178.5 171.0 157.0 147.3 127.9 105.1 111.9 118.1 127.0 142.8 143.4 166.3 185.4 181.9 197.5 213.0 215.4 224.8 231.3 242.0 246.1 234.9 224.4 212.6 187.5 179.4 163.3 144.5 128.0 124.1 109.7 96.1 91.6 83.6 76.0 79.8 96.2 96.3 101.1 98.6 94.0 81.8 70.0 58.9 55.3 50.3 46.0 39.1 37.5 36.9 37.8 35.2 33.1 25.3 21.7 9.5 0.9 0.9 0.9 0.8 0.4 7.9 24.3 39.4 51.6 53.7 93.2 124.5 129.8 163.6 181.5 209.9 273.5 287.6 318.6 318.9 321.8
87.7 103.1 112.2 124.1 131.9 128.1 121.9 113.3 110.3 105.3 94.8 80.2 95.5 111.3 120.6 124.4 128.4 150.5 169.0 178.7 185.7 195.0 199.7 213.1 230.5 237.1 222.2 216.2 197.8 181.5 169.1 148.6 123.4 104.6 103.3 94.4 80.5 71.2 69.2 74.0 77.1 77.0 75.9 77.3 74.8 65.7 58.8 44.6 37.2 34.2 31.6 28.9 32.9 34.0 33.4 33.6 32.4 28.1 20.8 10.8 6.5 1.4 0.3 0.4 0.3 0.1 5.3 24.0 47.6 71.1 80.1 101.0 128.2 140.5 178.1 192.7 206.5 259.0 299.5 321.9 328.1 328.4
73.5 83.4 94.1 100.6 107.6 88.3 98.4 110.5 101.9 96.8 86.8 77.4 68.4 80.4 100.3 104.9 122.2 140.7 148.0 165.1 161.4 174.4 190.2 202.5 218.8 219.9 217.3 207.7 198.7 190.0 165.3 142.9 122.7 97.4 89.7 78.1 65.4 55.8 52.4 59.5 62.5 63.2 64.6 62.6 55.3 50.2 39.4 27.7 25.9 25.5 27.8 28.5 23.7 25.7 27.1 26.7 26.6 26.5 20.6 9.4 6.3 2.6 0.8 0.1 0.0 0.0 4.9 21.5 46.2 71.5 84.2 101.9 135.4 163.2 187.9 203.6 217.2 269.7 309.4 323.6 335.4 342.9
58.5 63.7 68.8 69.2 72.3 81.0 85.8 115.2 98.0 92.5 91.1 65.5 65.0 69.6 74.4 77.1 117.5 129.5 141.5 160.5 165.7 179.3 187.8 194.3 203.8 197.9 202.1 195.6 189.2 188.6 164.2 149.3 132.1 101.8 91.2 79.4 66.3 52.8 50.3 51.2 51.6 55.5 62.5 57.9 47.3 43.8 34.9 26.6 21.0 18.6 17.2 21.8 18.5 18.1 23.3 20.5 18.2 20.5 17.6 8.7 4.6 2.3 0.2 0.0 0.7 2.9 7.2 23.0 46.0 69.0 91.7 112.7 153.0 177.9 199.5 208.2 244.2 283.2 314.8 341.5 350.1 346.3
56.9 55.3 59.4 62.9 53.0 55.1 60.4 70.7 75.1 70.8 61.1 52.9 55.6 53.3 66.6 83.4 106.4 119.8 131.4 150.6 159.2 177.4 180.5 184.6 190.1 191.7 185.4 170.9 164.1 172.8 155.5 141.9 115.4 111.4 99.0 85.5 66.0 52.0 42.5 42.6 45.8 47.9 48.4 44.8 42.3 38.2 28.7 20.4 16.0 13.2 10.8 2.5 12.7 11.1 11.3 13.7 11.8 9.5 7.0 3.9 1.6 0.2 0.0 0.0 1.1 3.1 2.6 32.1 52.9 73.3 107.4 141.1 161.7 181.5 215.5 216.8 260.9 291.8 334.0 361.7 378.8 367.8
