code_hw01/idw.asc
NCOLS 184
NROWS 101
XLLCORNER 505011.47
YLLCORNER 5258286.13
CELLSIZE 100.0
NODATA_VALUE -9999
[rows 0 to 35 of 101, columns 82 to 163 of 184]
172.9 151.8 142.5 103.1 83.6 33.8 18.9 5.5 6.0 5.9 2.9 2.2 3.3 3.5 2.9 1.9 1.0 0.2 0.0 0.0 0.0 0.0 0.0 0.0 0.0 0.0 0.0 0.0 0.0 0.0 0.0 0.0 0.0 0.0 0.1 0.1 0.0 0.0 0.0 0.0 0.0 0.1 0.3 0.4 0.7 1.7 0.4 0.0 0.1 0.2 1.0 0.2 3.7 8.8 10.1 13.0 20.8 22.2 21.7 24.2 27.2 34.6 38.6 39.9 35.6 34.3 33.5 31.9 29.8 30.6 31.8 33.5 36.3 39.0 39.8 40.4 39.6 35.7 31.1 26.2 21.3 30.9
157.6 146.1 133.1 93.6 65.2 34.5 22.3 11.1 4.2 3.8 1.9 1.4 2.2 2.5 1.6 1.3 0.7 0.0 0.0 0.0 0.0 0.0 0.0 0.0 0.0 0.0 0.0 0.0 0.1 0.2 0.0 0.1 0.7 1.0 1.1 1.1 0.1 0.4 0.3 0.0 0.0 0.1 0.2 0.1 0.5 0.7 0.4 0.2 0.2 0.1 0.8 0.6 2.8 6.5 7.9 13.6 16.6 22.8 19.8 17.2 20.7 26.3 32.2 34.4 35.2 33.9 31.6 30.5 29.0 28.7 30.0 33.1 38.1 41.4 39.9 38.3 36.3 33.5 30.8 23.6 16.9 15.7
150.4 138.5 111.8 64.9 50.8 36.2 20.8 10.3 2.2 1.9 0.9 0.5 0.5 0.1 0.1 0.5 0.5 0.1 0.0 0.0 0.0 0.0 0.0 0.0 0.0 0.0 0.2 0.3 0.6 0.2 0.3 0.7 0.5 1.3 2.1 1.9 1.3 0.7 0.6 0.4 0.3 0.1 0.0 0.1 0.2 0.2 0.2 0.1 0.0 0.0 0.3 0.6 2.1 4.5 5.6 8.1 10.8 19.0 15.3 12.9 15.7 18.5 25.2 31.3 29.8 29.9 28.5 26.8 27.6 28.3 28.7 31.6 37.1 39.2 38.9 37.2 35.9 33.2 29.7 22.1 16.1 6.8
129.6 108.1 71.8 45.7 45.6 30.8 17.7 9.6 2.9 1.3 0.2 0.1 0.1 0.3 0.2 0.3 0.2 0.0 0.0 0.0 0.0 0.0 0.1 0.0 0.0 0.1 0.3 0.6 0.3 0.9 1.5 1.0 0.6 2.7 2.6 2.6 1.1 0.9 0.4 1.0 0.4 0.0 0.0 0.1 0.0 0.1 0.0 0.0 0.0 0.0 0.1 0.5 1.4 1.8 2.4 3.3 6.0 7.2 9.2 12.2 15.2 13.4 19.8 26.6 21.8 23.0 23.5 24.5 26.2 25.4 28.4 30.4 35.2 38.6 38.5 37.6 36.0 32.7 28.6 23.5 15.9 9.3
98.4 68.3 48.2 35.2 32.2 21.8 13.6 8.8 3.0 0.6 0.1 0.1 0.2 0.2 0.2 0.1 0.0 0.0 0.0 0.0 0.1 0.1 0.5 0.5 0.3 0.6 0.7 0.5 1.6 3.7 4.0 4.2 5.0 8.0 5.6 3.5 0.4 3.7 4.2 3.1 1.1 0.4 0.1 0.0 0.0 0.0 0.0 0.0 0.0 0.0 0.0 0.1 0.2 0.8 0.1 1.6 3.7 5.5 5.1 4.9 6.4 8.4 12.5 16.8 10.9 14.7 18.8 23.2 25.2 24.3 28.5 31.3 34.3 36.8 37.9 39.4 36.4 35.1 26.9 22.3 13.9 9.7
72.5 50.5 36.9 22.6 16.8 13.1 9.6 6.3 1.7 0.7 0.1 0.1 0.1 0.0 0.0 0.0 0.0 0.0 0.0 0.3 0.6 0.0 1.2 1.1 0.4 1.9 2.5 1.1 6.7 8.3 7.9 7.0 6.5 10.8 13.2 9.3 9.0 9.3 7.0 4.0 3.7 1.9 0.6 0.0 0.0 0.0 0.0 0.0 0.0 0.0 0.0 0.0 0.2 0.3 0.1 1.0 2.2 3.3 2.3 0.9 2.1 2.7 5.5 10.1 8.3 13.2 16.7 25.7 27.4 28.6 30.2 32.1 33.8 35.6 36.6 37.0 35.2 30.4 27.3 18.0 12.9 11.5
50.5 37.2 36.8 17.6 8.5 4.8 4.2 2.6 1.8 0.8 0.2 0.1 0.0 0.0 0.1 0.1 0.4 0.0 1.2 2.0 2.7 3.0 1.4 1.0 2.3 3.8 6.0 7.3 11.1 13.3 11.4 12.9 13.1 14.5 15.6 15.4 15.4 17.4 10.7 7.6 6.5 3.2 0.8 0.7 0.1 0.1 0.0 0.0 0.0 0.0 0.0 0.0 0.0 0.1 0.2 0.7 1.0 1.7 1.6 1.6 1.7 1.4 2.8 6.0 9.9 13.5 19.8 27.5 28.0 29.6 31.0 32.9 34.6 34.5 35.4 34.5 38.7 28.7 22.1 4.7 12.0 15.8
33.7 33.1 28.6 17.5 8.1 5.9 4.9 2.3 0.9 0.2 0.0 0.0 0.2 0.2 0.5 0.6 0.8 0.6 1.1 5.2 8.6 7.9 4.3 3.0 4.5 6.2 11.0 15.6 18.0 17.9 19.0 17.4 18.0 22.9 27.8 28.8 24.1 19.0 16.8 8.3 9.3 7.0 2.8 0.3 0.1 0.0 0.1 0.0 0.0 0.0 0.0 0.0 0.0 0.1 0.1 0.1 0.4 0.2 0.3 0.4 0.6 0.9 1.2 1.5 5.7 9.9 16.5 21.8 24.2 28.1 30.8 31.8 32.8 33.8 33.8 30.7 29.0 29.2 17.0 8.3 5.9 13.6
28.3 20.3 19.1 5.9 8.5 5.6 3.1 1.7 0.0 0.0 0.0 0.0 0.4 0.4 0.6 1.1 1.7 2.6 2.9 10.5 15.5 22.4 9.8 7.1 7.4 12.4 19.0 21.7 22.0 25.9 25.4 28.4 31.5 38.1 41.0 40.0 37.2 27.3 20.7 15.8 17.3 10.3 2.7 0.0 0.9 0.5 0.1 0.1 0.0 0.0 0.0 0.0 0.0 0.0 0.0 0.0 0.0 0.0 0.0 0.0 0.0 0.0 0.0 0.7 2.1 5.8 7.9 17.1 22.9 25.1 28.8 31.5 31.5 32.5 32.7 29.9 25.1 26.5 6.6 8.0 8.3 9.1
24.2 16.4 9.2 9.2 6.3 3.9 1.0 0.7 0.2 0.1 0.0 0.0 0.7 0.5 2.9 3.5 1.4 7.8 11.3 20.7 22.6 21.9 19.0 16.3 18.4 21.9 22.7 24.5 28.4 28.9 33.1 38.9 46.3 47.9 47.9 42.9 40.1 34.4 27.9 21.5 16.6 12.8 7.5 5.2 4.6 3.0 1.5 0.4 0.0 0.0 0.0 0.0 0.0 0.0 0.0 0.0 0.0 0.0 0.0 0.0 0.0 0.0 0.0 0.0 0.4 1.5 0.3 6.9 15.9 19.4 24.0 29.2 30.0 31.7 32.4 31.5 23.8 15.0 9.6 9.4 9.5 9.2
18.6 13.6 9.1 3.8 0.7 0.6 0.0 0.1 0.1 0.1 1.1 2.4 4.4 5.1 8.0 7.5 10.7 14.9 20.6 27.3 41.5 37.0 35.1 36.2 36.3 38.5 36.5 34.0 35.3 41.2 43.6 49.7 50.9 48.4 50.3 49.9 44.0 38.5 30.6 23.5 18.6 16.9 15.1 11.0 8.0 3.9 0.5 1.4 0.1 0.1 0.1 0.1 0.0 0.0 0.0 0.0 0.0 0.0 0.0 0.0 0.0 0.0 0.0 0.0 0.0 0.1 1.1 2.4 5.6 9.2 16.6 21.3 25.7 30.3 29.8 27.7 24.4 14.6 11.0 10.7 10.7 12.2
12.4 7.5 2.0 0.3 0.3 0.3 0.0 0.2 0.3 0.4 1.9 7.0 14.7 21.4 25.3 25.0 27.9 31.0 51.7 46.7 46.6 52.1 65.2 72.5 60.4 50.1 44.9 40.6 45.0 48.2 49.5 55.4 54.3 52.6 56.1 50.9 50.9 44.6 32.2 21.7 21.7 20.2 18.0 18.2 16.6 11.6 6.7 4.6 1.6 0.2 0.1 0.1 0.0 0.1 0.0 0.0 0.0 0.0 0.0 0.0 0.0 0.0 0.0 0.0 0.0 0.0 0.5 0.7 1.5 2.6 9.4 15.6 18.3 25.5 26.3 25.0 20.3 7.7 6.3 10.3 13.6 19.3
6.7 2.7 0.2 0.2 0.1 0.0 0.2 0.4 0.3 1.5 4.8 0.7 17.6 23.0 49.9 50.9 45.8 39.3 40.6 64.2 64.6 77.1 83.9 90.3 82.9 61.0 57.5 57.6 59.5 58.3 57.6 59.2 58.4 60.0 60.5 56.6 54.1 48.6 39.2 30.5 27.6 26.9 26.2 24.3 21.6 20.8 17.3 11.6 3.6 1.9 0.7 0.6 0.9 0.7 0.1 0.1 0.0 0.0 0.0 0.0 0.0 0.0 0.0 0.0 0.0 0.0 0.0 0.0 0.2 0.3 3.1 11.3 16.8 22.3 23.9 20.7 13.9 3.5 3.2 10.3 19.2 20.0
0.4 0.5 0.0 0.0 0.0 0.2 0.2 0.8 1.5 5.3 7.4 17.3 19.4 48.2 66.0 75.2 66.1 51.1 53.8 62.1 75.8 90.7 93.4 104.2 107.6 100.9 79.3 69.8 67.9 61.6 69.9 68.1 63.2 65.6 65.1 58.9 58.2 53.4 46.3 40.8 35.4 36.0 33.0 30.5 25.0 25.5 19.4 21.1 11.6 9.1 7.8 6.6 4.4 4.0 1.1 0.1 0.0 0.0 0.0 0.0 0.0 0.0 0.0 0.0 0.0 0.0 0.0 0.0 0.0 0.1 1.8 4.9 12.1 15.7 17.8 16.4 10.3 3.9 3.1 8.4 16.4 19.7
0.3 0.1 0.3 0.4 1.0 0.7 1.2 1.8 3.4 9.3 14.0 31.1 43.6 73.4 112.2 90.0 81.7 70.7 66.7 69.1 80.2 91.4 107.3 120.8 130.8 117.4 105.6 92.6 82.1 78.5 76.7 77.3 71.4 68.8 64.3 59.4 58.8 56.5 54.1 50.6 45.2 40.6 39.5 38.9 38.8 40.1 41.9 40.3 28.6 21.6 19.1 11.6 10.4 10.5 5.7 0.4 0.2 0.2 0.4 0.0 0.0 0.0 0.0 0.0 0.0 0.0 0.0 0.0 0.0 0.4 1.4 1.9 8.6 12.2 11.7 11.3 7.9 4.6 2.2 5.5 11.4 16.1
0.4 0.2 0.4 1.1 0.9 2.5 1.3 3.7 3.6 12.9 27.8 44.6 60.6 75.5 98.9 99.8 98.3 86.5 77.6 87.1 101.0 105.4 118.1 133.2 134.7 135.4 126.7 117.8 105.7 82.9 86.6 89.0 85.8 81.1 71.0 65.0 54.3 60.1 57.8 65.7 58.7 54.4 51.4 46.4 48.3 50.1 49.1 42.6 36.8 31.5 31.5 27.1 24.2 18.8 8.4 0.3 0.4 0.0 0.6 0.7 0.0 0.0 0.0 0.0 0.0 0.0 0.0 0.0 0.0 0.1 0.1 2.3 6.8 10.8 8.9 9.0 6.7 3.2 2.5 2.9 7.6 11.2
0.5 0.4 0.8 2.7 2.2 5.0 7.0 11.9 14.3 24.2 45.0 60.8 70.8 91.5 116.4 126.1 130.7 111.7 91.7 89.7 109.8 110.4 129.1 140.4 147.6 172.5 140.3 134.3 115.1 109.4 109.6 103.6 94.7 87.3 77.0 73.0 66.6 68.6 70.4 72.6 65.9 59.4 58.3 53.7 52.1 61.1 55.0 46.7 40.2 34.2 39.4 36.9 34.7 28.0 14.7 4.6 2.8 2.2 2.1 1.5 0.8 0.0 0.0 0.0 0.0 0.0 0.0 0.0 0.0 0.0 0.2 1.5 3.9 5.6 6.6 7.1 5.7 3.4 1.7 1.6 4.4 7.5
1.6 1.4 4.4 9.3 10.7 6.4 8.2 21.4 30.6 40.2 53.0 69.2 100.6 129.5 123.2 155.5 160.2 133.0 89.9 67.4 100.7 122.3 137.8 143.9 153.5 161.6 159.6 169.7 145.8 134.3 129.2 120.4 111.8 97.8 80.1 81.7 84.7 83.5 84.1 84.8 78.7 69.9 66.0 56.1 59.1 62.9 58.3 52.1 44.9 40.4 44.5 40.6 38.3 35.1 20.6 8.5 2.9 7.9 7.2 3.1 1.1 0.0 0.0 0.0 0.0 0.0 0.0 0.0 0.0 0.0 0.3 0.0 1.6 1.7 5.0 6.0 6.7 4.8 1.9 1.5 0.9 0.8
2.9 4.8 12.5 11.7 16.0 13.7 21.4 29.3 36.1 49.4 95.1 99.8 132.6 161.8 166.5 193.6 183.8 146.7 111.8 100.2 108.0 142.7 154.1 150.8 172.3 172.1 166.9 163.7 161.2 142.8 123.9 135.6 127.4 103.2 99.0 88.4 96.9 101.3 98.6 99.1 93.5 76.0 73.9 65.9 63.2 62.0 58.6 54.2 48.8 46.3 45.4 44.0 41.4 35.2 19.1 13.3 10.5 10.4 11.3 8.6 0.8 0.0 0.0 0.0 0.0 0.0 0.0 0.0 0.0 0.0 0.1 0.0 0.8 1.6 3.6 6.5 8.9 7.0 3.6 1.9 0.3 0.5
10.9 19.6 33.8 35.0 36.6 50.9 51.6 54.5 60.4 75.2 102.1 122.4 170.4 192.6 204.0 204.8 171.2 153.9 122.8 99.0 107.0 126.4 150.9 175.1 192.9 181.1 183.1 190.8 167.6 140.7 139.3 156.1 149.8 132.0 125.1 115.9 117.0 112.4 109.9 114.7 98.0 79.8 81.2 73.5 69.0 66.9 61.7 55.9 49.9 48.2 53.2 48.4 46.0 38.4 23.0 18.1 18.9 19.4 16.8 11.1 3.8 0.1 0.1 0.0 0.0 0.0 0.0 0.0 0.0 0.0 0.0 0.1 0.2 0.3 2.3 6.3 10.5 8.0 4.1 1.7 1.1 0.7
33.1 47.8 49.8 52.1 73.1 73.1 79.7 94.9 91.2 86.3 122.8 170.6 219.3 247.9 225.8 203.9 175.8 161.6 130.1 113.9 127.1 139.4 168.8 203.5 219.5 206.9 204.1 197.5 173.2 156.0 153.2 155.5 150.9 153.3 135.2 131.7 119.2 129.0 126.7 118.5 109.0 93.5 95.1 85.8 74.4 70.1 62.1 59.8 52.5 51.3 56.7 51.1 49.1 42.0 30.4 24.8 23.6 26.1 21.8 13.4 4.2 0.0 0.1 0.0 0.0 0.0 0.0 0.0 0.0 0.0 0.0 0.0 0.0 0.5 1.9 4.9 7.8 8.0 4.7 0.9 0.3 0.5
47.5 60.4 65.6 75.1 96.0 103.6 128.3 152.6 146.7 130.8 154.6 215.7 244.9 261.5 237.9 208.0 174.7 160.0 138.2 126.5 144.0 161.7 188.6 243.7 255.8 230.4 220.2 213.0 179.2 159.4 179.3 176.6 168.7 160.4 149.2 139.0 137.6 148.3 148.8 137.2 117.5 107.3 105.6 95.0 83.1 76.2 65.2 60.5 59.3 55.9 53.8 50.3 48.0 39.0 30.7 26.5 24.6 27.5 24.8 15.4 6.0 1.6 0.3 0.1 0.1 0.0 0.0 0.0 0.0 0.0 0.0 0.0 0.0 0.6 0.1 3.7 7.5 8.6 7.2 1.9 0.4 1.0
56.4 59.9 59.5 89.3 120.3 133.7 165.9 196.5 182.2 158.8 190.2 250.1 269.7 276.9 216.2 208.6 135.3 149.6 141.7 144.6 156.5 160.8 214.4 255.6 282.5 248.7 235.1 246.1 208.5 193.9 205.6 204.6 199.5 196.6 169.0 144.1 157.7 193.4 178.3 152.8 134.9 120.5 113.3 102.2 80.4 80.9 71.3 63.4 58.8 57.6 53.0 48.7 41.5 28.4 27.2 28.4 27.6 30.5 27.0 18.5 5.7 3.2 0.1 0.0 0.2 0.0 0.0 0.0 0.0 0.0 0.0 0.0 0.0 0.3 1.1 2.9 5.0 4.1 4.1 2.4 1.4 2.5
76.6 61.3 60.3 92.4 145.4 148.3 195.7 208.4 205.0 226.1 251.3 268.8 285.3 300.8 256.2 231.0 199.1 183.7 169.0 159.5 157.6 177.6 230.4 259.7 278.1 264.6 246.3 251.6 232.2 215.4 213.6 227.1 235.9 221.8 196.3 174.6 205.4 187.0 176.0 143.3 141.6 132.3 120.0 110.1 88.7 87.1 77.8 67.9 62.7 66.0 58.2 48.8 39.1 30.3 28.1 29.2 30.5 29.3 27.3 24.1 13.1 4.8 0.8 0.6 0.6 0.2 0.0 0.0 0.0 0.0 0.0 0.0 0.0 0.0 0.7 1.5 1.5 1.0 1.0 1.6 1.0 3.4
82.0 72.9 69.7 91.7 118.7 163.4 201.7 216.4 226.9 259.2 271.4 277.5 307.5 300.7 284.9 268.2 245.2 227.3 202.8 172.7 121.4 171.7 209.3 267.3 270.0 272.2 261.5 252.4 227.2 220.3 243.6 264.7 285.6 257.3 229.0 203.2 197.2 189.8 181.2 172.8 166.1 149.9 135.2 117.6 103.7 100.6 92.9 82.3 76.4 75.1 66.9 57.3 47.6 39.1 32.8 35.7 37.7 34.0 28.5 32.3 24.4 10.8 3.0 0.6 0.7 0.7 0.3 0.0 0.0 0.0 0.0 0.0 0.0 0.0 0.2 0.7 0.1 0.7 0.4 0.5 1.3 3.6
92.8 89.5 53.0 90.5 130.9 171.0 187.7 204.3 233.3 271.4 294.8 331.5 345.1 319.1 300.3 281.7 264.3 250.2 229.1 220.6 185.1 158.9 175.0 226.8 289.6 282.0 273.5 261.2 246.6 249.3 268.1 279.4 282.3 281.4 270.1 246.7 219.3 188.2 192.7 198.6 201.9 160.0 143.9 126.4 112.4 107.9 109.9 101.1 94.9 83.0 73.3 60.6 55.4 50.8 43.7 43.5 46.2 49.1 42.6 38.2 31.3 17.0 3.0 2.5 2.0 0.7 0.3 0.0 0.0 0.0 0.0 0.0 0.0 0.0 0.0 0.1 0.3 0.3 0.2 0.1 0.0 2.7
127.0 119.1 93.4 105.0 139.9 172.7 197.9 216.5 245.2 289.5 344.6 362.3 354.1 334.9 313.1 284.7 265.6 253.0 243.4 227.3 206.2 163.2 165.9 208.8 252.9 269.1 287.9 280.6 286.5 287.7 284.9 292.0 296.7 306.0 309.7 296.6 263.7 232.1 238.8 233.8 200.6 173.8 158.3 144.4 135.8 122.8 116.2 115.4 110.2 81.8 73.6 62.6 57.2 53.6 51.9 51.0 49.8 50.4 50.0 41.0 37.5 22.9 8.1 5.1 4.7 1.2 0.4 0.1 0.0 0.0 0.0 0.0 0.0 0.0 0.0 0.0 0.0 0.0 0.0 0.0 0.0 1.2
160.0 126.4 105.9 108.8 134.6 180.5 222.2 218.9 251.0 298.3 346.7 367.6 376.2 364.0 349.3 305.8 272.9 267.0 255.5 253.4 267.6 202.9 186.9 199.9 231.4 293.8 290.9 298.2 315.9 305.8 286.5 301.4 305.0 316.3 317.1 314.6 292.0 261.4 258.3 261.9 223.1 201.4 185.2 175.0 165.0 147.6 128.2 118.5 105.6 85.8 70.4 65.6 53.2 53.5 56.0 56.0 53.4 53.7 56.9 52.3 41.0 27.5 16.0 10.0 7.5 1.3 0.3 0.1 0.0 0.0 0.0 0.0 0.0 0.0 0.0 0.0 0.0 0.0 0.0 0.0 0.0 0.3
201.7 170.2 126.2 113.0 116.7 173.7 198.7 207.4 247.5 273.8 333.5 367.5 377.1 365.1 351.3 317.1 259.3 275.2 287.8 275.2 275.0 218.3 198.4 205.0 227.1 270.2 290.3 312.6 309.7 302.6 282.8 293.8 306.0 326.5 339.6 333.2 317.2 303.2 286.8 280.4 241.5 220.7 208.1 197.8 194.9 163.8 128.7 118.7 103.2 92.2 74.1 66.4 58.4 57.5 57.1 57.9 58.8 57.8 56.6 53.9 39.6 29.8 19.9 12.5 7.1 2.8 1.3 0.4 0.1 0.3 0.2 0.1 0.0 0.0 0.0 0.0 0.0 0.0 0.0 0.0 0.3 0.2
243.9 182.6 144.2 121.8 108.2 156.6 178.4 175.9 233.3 254.0 323.3 358.4 368.2 364.2 363.8 340.0 295.3 289.0 286.0 278.3 261.6 238.9 209.8 209.0 248.7 280.8 305.7 336.8 338.5 324.9 310.3 310.8 331.0 360.3 358.9 348.2 313.3 334.4 321.7 304.6 265.8 230.2 214.9 209.8 208.2 178.3 138.4 123.8 108.0 101.2 88.4 74.6 66.5 63.4 61.7 63.5 67.6 67.2 56.2 46.4 35.5 28.8 22.7 17.5 13.2 6.0 1.9 0.7 0.4 0.6 0.3 0.5 0.5 0.3 0.4 0.2 0.0 0.0 0.0 0.3 0.3 1.1
285.6 210.0 154.2 132.9 140.2 177.9 190.3 185.3 227.1 287.2 324.8 334.8 365.8 375.1 368.5 354.1 334.0 324.3 317.6 306.6 288.1 268.4 255.6 254.1 274.2 309.5 338.6 358.2 361.7 357.7 355.5 360.7 381.6 394.6 395.1 384.2 342.7 353.0 356.8 329.5 287.0 243.7 229.0 216.2 213.8 183.3 150.0 131.1 118.8 108.4 92.7 82.7 74.4 69.6 69.1 69.9 70.2 67.9 57.8 41.6 31.7 28.4 23.6 18.5 15.8 8.8 2.3 0.3 3.0 3.8 3.3 1.2 1.1 1.5 0.8 0.7 0.5 0.0 0.0 0.6 1.2 4.0
293.3 225.2 178.9 154.5 166.5 191.7 199.1 214.8 254.1 286.4 312.2 329.2 346.3 365.6 367.9 371.7 355.7 345.7 348.9 321.6 304.6 282.1 286.2 294.2 318.4 334.5 352.1 346.3 379.0 397.6 406.9 404.4 410.7 415.5 418.2 412.6 395.0 393.7 392.2 346.9 316.3 251.3 244.3 226.9 212.8 181.5 162.7 139.5 120.3 109.3 88.5 86.5 79.5 70.5 72.5 71.9 69.7 65.9 58.2 45.0 31.1 25.9 17.9 19.1 17.8 11.0 6.0 5.1 2.4 7.7 8.2 4.0 1.6 2.4 0.3 1.4 0.6 0.3 0.0 0.3 0.9 3.6
293.8 249.4 204.2 187.0 193.3 203.6 219.9 251.3 279.7 256.1 290.8 340.8 348.4 352.7 382.3 396.7 387.3 394.3 384.2 350.3 330.2 317.2 317.7 319.8 338.9 363.7 392.2 407.0 413.9 450.7 450.1 446.9 444.5 447.3 433.0 427.7 409.4 411.9 422.7 372.0 314.2 261.5 228.7 215.5 194.4 171.0 161.3 143.9 122.8 107.1 88.2 90.4 84.2 75.5 76.2 76.7 71.5 68.4 63.4 50.7 36.6 25.6 16.8 20.0 18.6 15.6 11.1 9.5 8.3 12.9 11.2 9.0 6.5 7.1 7.7 2.7 0.3 0.1 0.0 0.1 0.2 1.0
309.0 255.3 231.2 205.4 198.8 224.1 268.2 285.2 297.8 284.1 273.8 352.1 353.8 354.1 400.4 433.7 440.7 424.9 406.8 379.4 359.9 348.6 348.4 355.5 374.2 392.6 401.9 409.4 432.4 459.2 461.5 458.0 471.1 458.3 440.2 441.7 422.3 414.8 407.9 365.9 307.3 265.3 229.5 211.8 186.6 160.5 160.7 149.5 132.1 115.7 94.9 90.4 85.4 82.7 81.5 81.3 84.5 72.1 66.5 50.5 39.5 35.3 28.4 23.0 20.1 18.7 15.4 12.8 12.7 17.1 18.3 12.8 9.5 10.7 9.9 4.0 0.4 0.2 0.0 0.3 0.1 1.1
328.3 268.0 235.6 227.4 213.9 266.0 316.0 322.6 329.5 316.9 317.0 349.6 352.9 385.6 441.7 462.8 476.8 467.7 434.9 392.1 376.3 356.7 362.7 379.7 394.1 407.7 443.1 431.4 440.7 460.8 496.9 476.6 437.5 426.1 426.5 436.1 428.1 426.8 393.5 340.8 298.5 287.4 236.0 212.1 204.8 191.5 176.9 155.0 135.6 123.0 106.8 94.0 85.3 87.3 91.6 86.6 77.5 68.3 66.9 52.8 36.0 43.9 39.7 33.4 26.4 21.5 19.3 17.3 17.6 22.2 21.9 17.5 13.8 15.3 10.3 5.2 1.4 0.1 0.0 0.1 0.2 1.2
376.8 323.3 266.2 260.3 273.0 305.8 317.3 345.5 353.1 357.2 352.4 363.6 381.1 421.3 446.3 487.6 500.1 497.4 473.7 433.8 403.4 374.5 388.9 394.2 409.4 420.8 442.8 456.7 467.3 476.1 470.2 465.6 424.6 397.4 384.4 395.6 397.9 391.8 362.8 322.5 295.5 277.6 243.1 234.3 216.2 198.0 179.5 168.1 154.8 129.2 115.0 106.0 97.2 103.9 103.2 103.0 82.1 64.1 67.2 57.6 53.7 50.9 44.2 35.7 26.6 25.5 22.3 19.0 16.9 20.2 27.3 26.6 26.4 22.7 13.4 8.0 3.1 0.3 0.2 0.1 0.2 0.3
