code_hw01/idw.asc
NCOLS 258
NROWS 288
XLLCORNER 587311.826320024
YLLCORNER 137646.940111098
CELLSIZE 400.0
NODATA_VALUE -9999
[rows 198 to 230 of 288, columns 74 to 147 of 258]
560.5 558.0 558.0 558.0 574.3 586.7 591.8 608.2 616.7 637.8 668.2 712.1 786.4 843.7 896.0 924.5 951.3 999.8 1099.0 1161.8 1170.5 1267.1 1471.1 1708.2 1787.7 1667.5 1506.4 1384.4 1285.4 1200.0 1119.8 1047.1 950.3 881.8 845.5 840.5 912.2 937.7 970.0 949.1 969.7 988.2 990.3 992.7 979.2 923.8 840.3 772.4 690.5 609.3 585.1 642.4 711.0 764.3 784.9 767.9 731.5 758.3 863.0 985.6 1082.1 1176.4 1286.9 1427.6 1528.6 1588.1 1576.2 1558.9 1540.5 1563.3 1615.3 1692.0 1784.1 1853.8
561.3 558.6 558.0 558.0 575.0 584.0 583.6 587.1 588.2 606.5 634.8 666.6 725.3 777.5 831.5 863.2 866.5 893.2 1033.5 1140.3 1147.2 1229.8 1382.4 1571.4 1640.8 1551.8 1426.4 1315.0 1211.1 1109.6 1013.1 942.3 850.6 786.4 741.0 742.9 783.0 789.6 839.0 847.2 903.6 920.2 929.3 910.5 891.0 827.1 797.3 767.6 715.3 669.2 658.6 689.7 731.1 770.7 791.5 742.3 648.3 649.2 853.4 1027.5 1110.1 1185.8 1285.3 1416.8 1513.1 1555.0 1569.6 1573.7 1588.0 1620.3 1709.0 1754.9 1844.3 1929.0
564.4 562.0 562.3 561.0 573.8 578.8 575.8 569.1 563.0 583.8 611.8 631.2 669.9 712.3 778.3 826.9 827.7 825.0 926.7 1038.0 1097.4 1158.7 1244.2 1350.4 1383.1 1346.8 1252.9 1181.6 1091.3 1027.2 973.7 899.6 810.7 747.5 707.5 713.6 736.3 734.6 759.0 793.9 803.4 821.0 835.4 828.7 821.6 805.7 785.5 769.8 735.6 709.1 699.4 715.8 750.4 782.2 807.8 769.9 691.0 719.0 968.6 1133.0 1150.8 1193.5 1280.4 1403.7 1491.7 1545.1 1585.2 1630.0 1677.6 1736.1 1775.3 1807.2 1889.8 1981.9
572.9 569.9 566.0 565.5 561.7 573.7 572.3 568.0 562.6 580.5 599.2 599.7 602.7 643.9 726.1 795.4 826.3 840.6 894.3 964.1 1022.7 1083.7 1120.3 1161.6 1172.2 1145.7 1085.8 1033.3 989.8 975.3 934.2 875.1 783.7 737.9 715.4 714.8 693.7 674.2 662.7 667.2 666.0 720.4 750.0 781.1 799.9 793.6 780.6 770.5 737.1 700.8 674.1 689.9 745.9 806.1 819.9 821.9 817.2 900.5 1082.1 1185.5 1172.6 1206.1 1301.5 1408.7 1497.7 1562.6 1640.0 1716.3 1804.8 1826.6 1821.2 1839.7 1922.3 2012.1
589.2 584.1 576.4 572.2 566.6 563.4 567.8 571.0 577.9 589.5 596.5 579.9 558.3 601.6 688.6 762.2 807.9 839.5 875.3 918.4 970.1 1013.9 1041.0 1047.9 1034.1 1012.1 962.2 933.0 920.4 906.9 878.3 838.0 782.4 747.4 727.1 717.1 665.5 662.0 618.2 595.2 592.5 643.1 681.1 756.5 786.5 789.6 782.7 774.2 734.2 674.0 600.6 612.0 753.8 828.0 838.0 862.9 896.8 980.3 1083.7 1151.8 1178.5 1235.5 1337.7 1426.0 1531.8 1645.1 1714.2 1793.0 1846.1 1852.0 1846.2 1866.8 1939.0 2012.7
599.7 592.5 581.3 573.9 564.8 558.3 564.2 575.7 583.6 591.5 597.1 588.5 580.9 617.7 679.5 734.3 775.7 804.3 842.3 878.0 913.3 966.4 1000.0 1017.6 1005.7 938.0 864.5 848.7 856.9 867.6 855.6 818.1 788.0 759.9 737.8 724.1 658.6 628.1 596.8 575.8 574.7 616.1 691.2 750.8 813.6 823.0 819.0 829.3 752.7 678.3 602.7 613.5 780.7 837.9 849.2 889.1 933.6 1011.1 1091.6 1156.6 1222.8 1326.8 1434.5 1526.8 1650.0 1711.0 1773.6 1806.2 1837.4 1851.0 1858.8 1883.0 1948.3 2009.6
611.0 600.6 588.2 579.1 569.4 563.7 567.2 572.4 572.3 588.8 598.6 603.2 612.5 645.3 679.2 711.5 739.9 762.3 795.4 832.4 880.2 932.2 982.1 1034.7 1043.4 913.9 786.6 794.4 821.0 836.2 832.2 809.7 791.4 770.8 749.5 682.5 672.0 627.6 594.4 575.5 572.9 630.5 715.0 791.3 842.1 858.0 860.2 855.6 831.7 778.7 742.8 768.0 881.4 924.6 922.5 941.6 987.6 1052.1 1120.4 1193.8 1293.7 1435.3 1593.1 1740.5 1778.6 1788.6 1819.9 1828.4 1837.6 1863.4 1878.7 1906.5 1966.0 2009.4
727.7 654.0 634.9 617.0 599.4 577.1 573.8 563.5 559.3 582.2 602.9 610.0 625.9 636.5 672.6 687.0 697.4 714.0 744.4 784.5 837.3 896.6 951.8 1009.0 1015.7 899.4 795.5 792.5 802.1 809.5 797.5 792.9 784.1 795.0 779.1 713.2 702.7 656.7 657.8 621.8 621.9 674.0 754.9 830.6 882.7 911.0 931.6 922.8 914.8 883.8 869.3 906.5 1005.4 1052.9 1006.4 982.4 1012.7 1095.0 1171.0 1270.7 1422.6 1593.2 1782.9 1930.9 1944.2 1894.7 1887.7 1864.3 1887.8 1893.9 1911.0 1959.6 1972.8 2000.8
809.2 773.1 707.4 642.1 627.5 612.4 598.5 572.5 569.0 580.7 599.7 616.7 626.3 633.7 639.5 663.0 657.4 662.2 693.0 739.8 788.2 848.0 899.2 934.6 933.2 870.3 811.3 785.1 764.1 763.2 764.0 791.4 798.4 797.8 740.2 727.9 723.7 754.4 740.9 710.2 721.2 772.7 851.8 899.4 943.7 982.7 989.9 996.8 989.4 969.0 954.8 981.6 1027.2 1050.0 1030.1 1013.6 1033.8 1130.0 1210.9 1341.8 1492.3 1705.5 1937.5 2097.8 2092.0 1993.6 1945.3 1901.6 1925.1 1931.3 1934.4 1978.8 2000.4 2018.9
859.2 821.2 790.0 750.3 656.5 641.1 625.4 614.1 595.6 598.8 600.5 608.9 613.5 621.8 629.1 622.1 614.2 601.1 644.5 717.4 778.1 832.0 868.1 878.8 875.5 826.3 770.3 706.4 683.2 704.2 739.8 770.2 791.0 752.6 754.9 749.0 822.3 837.3 824.5 812.3 850.3 896.4 932.0 974.5 1017.0 1035.9 1043.6 1035.7 1033.0 1022.4 1007.7 1022.2 1037.8 1040.8 1045.5 1044.7 1057.5 1105.0 1249.5 1359.1 1511.7 1739.8 1979.4 2126.1 2119.8 2035.0 1971.3 1967.9 1958.7 1951.6 1994.2 2014.7 2035.1 2049.3
915.1 880.0 843.6 804.3 771.7 733.0 659.5 653.7 646.2 636.1 608.6 598.9 618.1 618.8 623.6 613.3 583.1 559.8 620.4 695.4 758.5 804.3 834.3 845.2 841.5 786.0 705.1 611.4 595.6 641.8 705.1 753.5 744.7 764.5 774.7 861.8 894.2 899.7 904.6 935.0 942.4 993.5 1031.2 1067.9 1079.9 1080.6 1063.2 1046.8 1041.8 1043.2 1039.1 1048.5 1065.5 1069.8 1076.0 1092.7 1104.7 1152.4 1248.3 1362.7 1505.8 1707.5 1912.4 2024.7 2043.1 1988.2 1984.2 1957.7 1939.7 1954.1 2000.3 2066.8 2089.7 2113.1
1003.0 975.8 915.8 860.8 815.3 769.3 713.1 689.5 682.3 658.9 612.3 590.8 584.2 611.8 605.9 592.3 600.3 599.7 634.0 697.8 750.1 790.1 816.2 830.1 814.2 771.6 673.7 581.3 569.2 628.2 681.0 717.5 755.5 783.3 837.3 921.7 963.7 990.2 1016.8 1036.8 1044.6 1091.2 1104.2 1127.3 1151.9 1134.6 1101.1 1066.5 1055.1 1063.3 1067.2 1076.1 1098.9 1103.0 1124.6 1151.4 1165.6 1179.5 1236.2 1341.7 1486.5 1656.3 1787.7 1864.7 1897.6 2000.5 1976.2 1959.6 1966.9 2011.3 2038.2 2081.3 2112.0 2130.3
1073.2 1033.0 978.8 913.1 862.2 797.0 751.5 723.0 714.5 680.8 638.5 574.3 564.4 608.5 594.7 558.3 609.1 644.7 672.8 711.2 754.9 809.4 839.9 848.3 820.0 772.7 712.8 634.4 619.8 661.8 702.5 754.2 778.1 811.1 934.4 977.1 1004.3 1036.4 1072.0 1099.3 1131.2 1143.9 1191.3 1210.2 1212.2 1203.2 1176.5 1139.7 1117.1 1120.2 1127.8 1134.9 1159.5 1164.1 1169.9 1178.3 1206.1 1216.1 1239.5 1330.5 1437.3 1588.9 1671.0 1786.8 1858.4 1893.6 1971.4 1954.2 2022.5 2015.8 2047.7 2072.1 2124.6 2206.5
1123.3 1064.7 1012.8 973.9 906.9 832.6 772.6 732.3 723.7 702.3 659.4 622.9 612.0 647.2 645.3 616.7 636.4 644.3 661.5 709.5 758.9 801.5 825.7 835.4 829.6 808.9 767.1 717.4 712.5 731.1 764.7 789.0 828.0 903.4 981.6 1007.5 1042.8 1081.7 1111.4 1144.8 1183.3 1233.4 1245.0 1272.8 1288.0 1279.6 1262.0 1238.2 1199.0 1186.2 1194.6 1195.1 1219.1 1210.0 1212.2 1213.4 1216.3 1246.5 1250.7 1288.5 1431.0 1560.7 1622.2 1723.7 1780.0 1845.9 1868.8 1965.2 1969.9 1986.4 2031.4 2070.3 2114.7 2205.4
1127.9 1043.0 1021.3 997.3 957.1 875.5 808.9 762.0 737.6 711.2 697.7 682.6 688.7 732.1 737.3 701.5 660.8 591.9 608.5 713.6 790.9 837.5 865.5 880.8 889.3 885.3 863.2 832.0 794.2 802.1 843.3 830.9 891.3 947.9 1000.3 1031.1 1058.9 1100.5 1136.8 1172.4 1231.6 1274.8 1312.1 1324.0 1351.7 1365.1 1350.3 1315.2 1275.8 1260.0 1242.8 1241.9 1247.0 1269.8 1267.1 1267.3 1262.3 1256.2 1270.9 1315.6 1399.9 1482.6 1581.1 1649.8 1719.8 1820.6 1833.5 1825.3 1903.0 1954.1 2023.8 2078.6 2104.4 2094.7
1087.5 955.2 971.6 1018.9 1008.2 948.2 867.2 815.4 775.6 758.6 737.1 746.9 768.1 789.1 797.7 760.9 699.5 608.4 632.2 756.3 823.1 860.7 902.2 925.4 944.4 951.2 942.6 913.2 906.2 923.3 895.5 938.3 933.7 976.1 1012.0 1032.6 1071.3 1115.2 1147.5 1189.1 1248.7 1295.4 1338.8 1382.3 1410.9 1443.7 1433.9 1377.1 1325.6 1296.4 1278.3 1282.8 1297.5 1316.2 1312.3 1296.9 1278.5 1262.2 1253.8 1284.2 1353.9 1415.6 1499.9 1630.9 1678.8 1708.3 1722.7 1776.4 1828.2 1898.4 1966.2 2048.1 2081.0 2033.6
1126.7 911.0 961.7 1059.2 1062.2 1002.1 928.6 881.4 847.4 817.3 792.9 797.2 800.3 801.2 801.8 799.8 793.5 765.4 788.5 849.8 863.8 880.5 914.7 954.3 983.0 996.5 994.7 1006.3 1015.1 1003.9 991.1 1001.3 969.5 984.4 993.2 995.0 1043.8 1105.0 1157.2 1216.2 1259.9 1308.7 1356.3 1404.9 1451.4 1523.2 1528.6 1432.4 1364.5 1313.0 1298.2 1314.6 1351.9 1364.3 1350.4 1323.6 1299.3 1266.4 1231.4 1276.5 1333.5 1369.8 1473.8 1550.9 1604.8 1623.9 1622.7 1688.3 1740.2 1829.1 1886.0 1941.7 1968.1 1947.5
1406.5 1207.7 1151.0 1157.5 1123.7 1063.0 984.5 925.3 902.1 874.8 847.8 862.4 851.2 837.6 843.7 868.3 889.4 900.1 927.1 911.0 808.2 815.4 935.4 1005.8 1030.3 1041.4 1041.5 1055.5 1063.4 1070.1 1076.5 1052.5 1018.8 1016.5 962.1 921.9 1027.6 1139.2 1189.0 1241.2 1282.0 1324.8 1365.9 1405.0 1448.7 1466.1 1486.4 1420.7 1360.4 1321.4 1305.3 1340.4 1408.7 1428.5 1378.5 1358.7 1310.1 1262.2 1225.2 1236.0 1282.3 1332.5 1416.4 1491.6 1504.0 1513.1 1545.1 1588.2 1647.3 1721.9 1775.5 1833.4 1847.2 1836.6
1717.6 1605.7 1401.8 1288.0 1195.1 1113.7 1033.1 996.3 951.3 933.3 922.3 904.1 904.7 891.7 925.4 951.1 990.2 1019.9 1030.3 1002.5 873.9 870.5 996.2 1067.1 1097.4 1088.2 1104.9 1113.0 1104.2 1108.2 1116.6 1100.7 1067.6 1048.7 988.5 943.3 1145.7 1215.2 1228.2 1254.2 1288.5 1323.3 1354.4 1392.0 1414.7 1402.1 1385.1 1353.8 1313.6 1301.0 1307.4 1345.1 1401.0 1415.8 1379.6 1352.7 1271.4 1201.9 1160.7 1180.6 1271.3 1322.4 1332.8 1396.1 1437.0 1454.6 1471.1 1497.1 1541.6 1586.1 1673.3 1717.5 1724.5 1724.8
1805.7 1729.7 1520.3 1355.1 1222.0 1114.5 1056.0 1006.1 1005.9 957.9 954.5 943.4 960.7 968.3 1007.5 1047.1 1080.5 1111.2 1120.4 1090.4 1086.9 1087.8 1118.1 1145.8 1157.4 1151.2 1169.9 1164.6 1155.2 1154.3 1159.9 1130.2 1127.7 1107.6 1084.2 1134.8 1269.5 1263.7 1258.6 1294.5 1324.5 1345.4 1356.6 1357.8 1353.5 1314.8 1262.8 1262.6 1248.2 1236.1 1257.2 1305.2 1342.9 1351.3 1332.6 1273.3 1144.7 1063.9 1063.9 1129.5 1203.6 1295.3 1332.9 1353.4 1382.7 1398.7 1393.2 1395.6 1418.5 1492.0 1560.5 1598.0 1613.7 1612.9
1727.2 1653.3 1509.3 1338.9 1214.4 1125.2 1046.0 1010.1 1007.1 986.2 986.0 1002.1 1021.3 1041.8 1080.7 1111.2 1144.7 1182.6 1213.1 1142.6 1221.5 1226.3 1206.3 1209.3 1202.5 1215.8 1215.7 1200.7 1198.2 1207.6 1190.2 1198.4 1178.1 1168.5 1178.5 1195.4 1243.8 1266.9 1291.4 1327.2 1351.5 1347.1 1341.1 1327.9 1302.3 1253.3 1221.6 1196.4 1125.7 1132.4 1188.5 1249.6 1284.9 1291.5 1256.5 1155.8 964.7 843.3 931.6 1078.0 1186.1 1295.2 1343.1 1352.8 1378.3 1368.7 1334.1 1302.8 1323.8 1359.4 1441.9 1499.3 1510.4 1501.7
1631.0 1523.1 1409.9 1284.2 1167.3 1062.9 989.5 959.2 977.3 974.7 1022.9 1030.4 1074.4 1095.5 1135.6 1163.5 1190.2 1221.8 1250.8 1246.0 1336.0 1284.7 1232.1 1222.2 1239.9 1254.0 1259.6 1247.8 1232.5 1239.2 1251.3 1235.7 1223.6 1222.9 1234.7 1257.4 1269.4 1296.1 1332.6 1365.1 1384.7 1376.2 1344.7 1312.6 1278.0 1226.2 1170.8 1012.4 881.7 978.6 1110.3 1200.0 1244.1 1245.7 1211.3 1113.6 917.5 765.0 911.4 1090.4 1212.0 1318.1 1379.6 1373.7 1350.5 1333.8 1251.0 1185.2 1191.5 1272.4 1367.7 1426.7 1418.1 1389.3
1485.6 1379.5 1300.6 1215.9 1109.7 982.9 901.8 876.5 913.5 962.9 1017.7 1054.1 1114.2 1157.4 1180.1 1218.0 1241.3 1245.5 1255.0 1271.5 1294.7 1294.1 1273.1 1262.6 1280.2 1304.1 1310.8 1288.3 1289.3 1297.9 1285.1 1272.9 1268.3 1266.7 1317.4 1329.7 1314.3 1341.3 1369.7 1410.9 1432.6 1413.0 1366.8 1322.9 1269.0 1208.1 1086.9 824.7 665.9 874.0 1072.1 1174.0 1231.4 1239.1 1214.4 1168.4 1129.9 1056.9 1071.8 1179.4 1297.4 1391.3 1439.3 1418.7 1378.6 1337.1 1235.2 1136.0 1123.0 1233.1 1346.8 1403.3 1376.1 1305.6
1353.0 1262.7 1227.4 1170.9 1054.1 914.6 804.5 774.3 855.1 941.1 1016.8 1089.2 1152.4 1219.0 1257.2 1285.2 1290.1 1291.6 1297.0 1302.4 1334.1 1333.9 1337.4 1351.7 1371.3 1369.8 1365.3 1360.4 1355.9 1374.4 1366.8 1395.6 1432.5 1434.8 1417.5 1420.5 1394.3 1380.5 1403.1 1427.0 1443.5 1424.2 1372.8 1322.7 1269.1 1209.8 1100.5 927.6 838.2 956.3 1105.0 1200.8 1243.1 1258.1 1255.7 1232.7 1240.8 1228.1 1218.8 1278.5 1372.6 1463.2 1495.0 1485.5 1438.0 1363.5 1282.2 1196.6 1177.5 1261.1 1339.7 1362.8 1342.0 1250.7
1270.9 1221.1 1214.5 1153.0 1020.1 881.9 784.7 766.8 839.3 955.2 1033.4 1138.3 1194.2 1285.2 1334.6 1368.5 1361.5 1339.7 1314.7 1287.5 1351.4 1362.1 1410.6 1468.7 1484.8 1463.6 1475.4 1463.0 1453.7 1441.3 1436.3 1455.4 1497.4 1500.5 1494.1 1522.7 1484.4 1477.0 1470.9 1447.2 1440.0 1422.1 1382.3 1312.4 1276.8 1229.2 1172.2 1093.9 1055.1 1101.9 1191.8 1252.9 1295.2 1314.5 1309.4 1292.8 1260.7 1267.1 1299.3 1354.2 1429.7 1505.5 1531.2 1510.0 1470.7 1410.2 1357.5 1303.2 1292.3 1323.7 1344.6 1345.0 1343.8 1270.5
1238.4 1212.0 1191.6 1124.4 996.3 856.7 746.4 767.1 863.1 976.6 1081.1 1182.8 1277.3 1363.5 1444.4 1479.5 1458.0 1411.6 1365.8 1344.0 1364.7 1407.9 1507.9 1607.8 1593.4 1566.6 1535.5 1510.4 1501.0 1513.2 1524.9 1598.5 1603.8 1652.7 1646.9 1641.6 1547.3 1543.1 1533.2 1512.4 1470.2 1433.3 1375.4 1303.8 1257.5 1244.9 1224.4 1200.4 1190.1 1225.3 1281.6 1325.1 1383.0 1406.7 1418.9 1395.7 1366.7 1363.9 1392.4 1421.7 1474.7 1518.0 1526.8 1514.3 1488.4 1444.5 1429.8 1389.3 1365.8 1353.4 1318.6 1310.5 1335.0 1332.6
1181.9 1158.4 1135.1 1082.7 987.7 879.3 791.1 810.4 907.7 1005.1 1107.5 1211.6 1310.4 1406.2 1524.3 1598.5 1550.4 1494.2 1438.4 1415.4 1420.2 1471.0 1562.8 1646.6 1648.3 1636.0 1603.8 1579.8 1567.7 1557.4 1603.7 1689.1 1707.6 1723.7 1719.5 1707.7 1656.3 1647.7 1627.6 1611.1 1566.8 1485.8 1388.7 1265.2 1177.9 1221.8 1274.3 1273.1 1284.8 1312.5 1352.4 1405.8 1462.1 1519.3 1548.4 1560.2 1534.1 1512.4 1501.0 1491.7 1536.5 1540.9 1571.4 1562.6 1563.7 1543.6 1530.8 1484.9 1424.6 1323.4 1250.2 1219.1 1301.0 1387.6
1093.6 1097.5 1076.1 1052.9 997.1 943.1 902.7 911.3 976.9 1049.3 1123.8 1230.2 1333.1 1428.4 1547.2 1625.6 1594.3 1585.5 1521.5 1486.7 1480.4 1507.8 1578.6 1652.0 1728.1 1697.9 1648.6 1612.3 1603.7 1643.0 1724.4 1763.8 1772.1 1788.1 1809.9 1776.7 1768.8 1759.2 1764.8 1753.5 1681.5 1582.8 1444.3 1298.5 1198.6 1243.3 1303.5 1322.6 1325.6 1362.3 1426.0 1482.9 1552.7 1628.0 1714.2 1773.8 1740.3 1664.1 1601.1 1592.8 1637.7 1672.2 1673.1 1674.7 1666.0 1654.8 1645.5 1594.6 1504.3 1347.4 1147.2 1102.5 1240.3 1409.7
1014.1 1037.5 1025.5 1022.8 1007.1 988.9 986.5 996.1 1021.6 1075.7 1147.0 1242.1 1335.6 1423.8 1507.8 1565.3 1603.4 1616.1 1557.1 1525.2 1510.6 1522.3 1594.9 1652.6 1706.7 1692.9 1672.6 1671.9 1704.8 1759.6 1804.7 1875.4 1883.2 1875.1 1876.6 1839.2 1848.4 1841.5 1890.0 1901.4 1819.1 1688.9 1577.2 1443.0 1348.4 1325.2 1323.8 1325.8 1356.2 1395.9 1464.6 1548.2 1620.1 1699.2 1857.0 2014.4 1944.8 1792.2 1740.0 1759.1 1752.6 1749.2 1758.0 1762.7 1738.1 1728.6 1724.6 1679.4 1596.6 1430.7 1231.9 1179.4 1317.4 1447.3
971.6 1003.9 1002.7 998.7 983.6 1021.7 1030.1 1027.4 1045.7 1097.3 1149.7 1223.1 1309.9 1391.9 1469.4 1540.3 1579.0 1597.8 1587.6 1558.9 1531.6 1535.7 1571.7 1641.6 1673.3 1680.0 1699.4 1721.7 1799.7 1882.5 1932.1 1950.9 1948.2 1972.2 1958.5 1907.2 1896.4 1913.9 1945.2 1979.3 1902.5 1801.7 1715.5 1604.0 1468.1 1358.8 1278.1 1270.6 1318.4 1390.8 1485.3 1586.2 1648.8 1676.7 1873.3 2123.2 2017.3 1874.3 1824.8 1824.4 1822.7 1819.7 1819.8 1819.3 1804.0 1792.6 1800.5 1792.3 1729.1 1626.0 1493.5 1449.7 1515.5 1631.1
970.4 985.5 962.9 954.8 983.6 1022.7 1010.3 1035.5 1057.2 1088.7 1130.4 1184.8 1271.2 1353.9 1441.4 1525.9 1618.5 1695.4 1674.8 1610.2 1569.9 1580.3 1623.3 1658.5 1688.3 1702.8 1725.6 1798.1 1878.9 1976.2 2068.6 2106.9 2137.5 2090.9 2023.7 2002.3 1971.5 1956.4 1951.9 1941.7 1899.1 1885.6 1884.4 1745.5 1530.5 1299.6 1102.4 1109.7 1257.0 1397.4 1501.4 1598.1 1651.7 1662.3 1779.5 1940.3 1933.9 1893.9 1876.5 1866.2 1862.2 1865.0 1859.1 1844.7 1832.6 1827.9 1868.1 1886.7 1879.1 1832.1 1778.6 1733.3 1736.1 1751.1
977.6 973.7 943.1 938.2 963.8 1000.3 1020.7 1039.4 1055.8 1068.0 1085.0 1122.8 1201.0 1309.7 1425.1 1529.0 1644.5 1750.8 1712.5 1634.0 1589.2 1618.2 1627.5 1684.3 1720.5 1760.4 1808.4 1859.2 1967.1 2054.4 2158.7 2238.5 2249.1 2201.4 2097.1 2064.6 2021.5 1991.0 1964.0 1936.8 1909.6 1936.4 1975.3 1808.4 1575.7 1267.4 973.1 1010.1 1229.0 1403.0 1518.7 1589.2 1646.3 1680.8 1740.8 1824.9 1878.9 1903.7 1899.7 1890.9 1891.4 1890.3 1879.3 1834.5 1785.6 1825.9 1886.8 1946.8 2027.7 2060.5 2029.7 1969.6 1918.6 1887.5
984.5 987.3 972.9 969.0 987.4 1010.6 1028.1 1036.9 1040.2 1030.6 1019.1 1046.1 1124.4 1268.0 1411.1 1538.7 1632.4 1680.8 1668.5 1628.4 1626.4 1640.7 1653.4 1704.3 1761.1 1816.6 1874.5 1962.6 2042.4 2196.6 2297.5 2321.2 2316.7 2277.9 2202.2 2156.6 2112.0 2065.8 2024.3 1979.8 1930.6 1897.7 1873.2 1751.6 1615.0 1395.5 1166.3 1158.7 1303.7 1440.8 1550.5 1596.6 1635.2 1671.8 1711.3 1803.3 1867.8 1898.3 1907.7 1919.7 1900.8 1906.6 1898.2 1830.6 1697.9 1796.7 1864.1 1948.3 2154.5 2279.0 2247.6 2141.8 2042.3 1939.2
