code_hw01/idw.asc
NCOLS 50
NROWS 50
XLLCORNER 2.0
YLLCORNER 3.0
CELLSIZE 5
NODATA_VALUE -9999
-9999.0 -9999.0 -9999.0 -9999.0 -9999.0 64.9 64.5 62.0 60.5 60.5 62.2 66.6 62.1 62.2 64.6 67.3 70.1 75.5 75.5 80.4 84.0 84.9 83.1 86.9 88.6 88.6 83.0 76.0 71.4 70.1 65.9 62.6 60.2 59.7 56.9 52.7 46.2 44.3 42.5 39.9 37.9 37.1 36.4 35.9 34.8 33.2 32.9 32.1 31.5 31.2
-9999.0 -9999.0 67.6 64.8 65.1 64.1 62.9 61.1 60.3 60.3 60.6 60.6 61.0 62.3 65.3 67.4 72.0 76.8 78.3 83.4 86.5 87.9 89.3 90.4 89.9 88.5 85.9 81.2 76.3 73.6 68.7 63.9 61.5 59.2 56.2 53.1 47.0 44.7 42.4 39.9 38.9 37.8 37.1 36.5 35.5 34.0 33.2 33.1 32.8 32.9
-9999.0 71.6 68.7 66.9 65.8 64.3 62.8 62.9 61.6 61.4 61.1 60.5 60.2 63.1 66.8 69.2 74.9 79.4 84.8 86.1 89.8 90.8 91.0 91.1 91.2 90.2 87.8 83.8 80.9 77.8 73.7 66.3 63.5 61.3 56.6 52.9 48.1 44.3 42.1 40.4 39.2 38.4 38.3 37.7 36.9 35.0 34.4 34.3 33.8 33.6
-9999.0 70.5 69.2 68.0 67.0 64.8 64.4 64.0 64.4 63.8 63.4 62.4 63.5 66.4 69.5 73.5 76.9 84.1 86.4 87.5 90.7 91.5 92.2 94.2 94.4 91.8 89.5 86.2 83.0 81.6 78.2 72.7 66.3 62.7 57.5 53.4 47.5 44.4 41.7 40.9 40.0 39.1 38.8 38.3 38.0 37.1 35.6 36.1 35.7 35.8
-9999.0 71.4 70.2 69.5 69.4 67.5 66.4 67.5 69.3 70.6 68.8 66.8 67.5 72.0 74.3 75.6 80.3 86.2 90.4 92.3 92.8 94.4 96.4 97.0 96.8 94.7 90.9 88.7 84.8 83.6 79.3 75.8 67.9 63.5 60.6 55.1 47.1 45.1 43.9 42.4 41.2 40.1 39.7 39.2 38.7 38.1 37.3 37.2 36.7 36.5
-9999.0 71.3 71.0 70.2 70.3 70.1 70.7 72.9 74.4 74.6 74.0 73.8 76.3 77.0 76.8 79.9 82.9 89.3 93.6 95.3 96.2 99.6 101.4 100.8 99.6 98.5 93.4 89.4 86.6 84.6 82.0 74.4 69.3 65.3 60.5 57.2 49.6 46.5 45.1 44.0 42.1 40.3 40.8 40.3 40.3 40.3 39.7 38.4 38.0 37.8
-9999.0 71.1 71.0 71.4 71.1 71.3 72.7 75.1 75.9 75.5 75.5 78.1 77.7 80.6 81.4 84.2 84.1 92.8 96.2 97.4 100.1 103.1 102.9 102.0 101.2 100.1 97.0 91.5 90.1 85.3 81.4 76.2 68.8 64.5 62.4 59.0 49.5 47.7 45.4 44.6 42.8 41.8 41.3 41.8 42.4 42.6 41.6 40.8 39.4 38.9
-9999.0 74.1 73.1 73.2 73.3 73.7 74.5 75.5 75.8 75.6 79.4 83.0 82.9 85.9 85.7 86.3 90.0 94.3 98.6 102.6 104.0 105.7 105.3 104.6 102.6 101.0 98.4 93.1 90.6 88.0 82.0 74.7 68.9 66.9 63.0 57.4 50.4 47.5 46.1 45.6 44.5 43.6 43.4 43.5 43.9 43.9 42.8 42.4 41.4 40.1
86.0 84.2 80.2 78.3 78.5 78.9 77.8 78.5 75.9 81.1 85.2 89.3 90.3 90.4 93.5 96.0 98.8 103.0 106.5 105.3 107.0 107.7 107.9 106.3 104.9 103.9 100.6 95.8 88.9 85.8 81.0 75.0 69.2 67.5 62.4 56.4 50.5 48.5 47.6 46.9 46.5 46.0 45.7 45.3 44.5 44.6 44.1 43.4 42.2 41.2
86.4 86.1 84.6 83.1 79.9 80.2 81.8 84.8 94.4 94.9 95.4 94.8 94.6 97.7 99.4 102.9 105.0 108.4 109.4 110.3 110.1 109.8 110.1 109.2 106.6 104.0 102.5 98.0 89.4 83.8 80.1 76.5 69.9 65.7 59.9 55.9 51.1 49.9 48.2 47.7 47.6 48.4 47.3 47.1 45.9 45.7 45.3 44.4 42.5 40.4
86.7 86.8 87.3 85.5 84.9 84.8 87.2 90.1 95.1 98.1 99.4 97.7 100.3 102.6 105.3 105.6 107.9 110.4 111.0 111.8 111.8 111.6 110.5 110.1 107.8 105.9 102.0 97.1 90.5 83.4 80.0 77.2 69.7 66.4 59.2 54.8 51.1 50.5 49.8 48.5 49.2 49.2 49.7 48.8 47.1 47.2 45.4 44.4 42.2 40.8
92.5 91.2 90.2 89.5 88.7 90.0 90.8 91.1 95.1 100.7 101.0 103.3 104.5 105.0 106.7 109.1 110.9 112.5 114.1 115.0 114.7 115.6 113.0 110.8 109.3 106.1 99.6 96.4 91.4 85.4 79.6 75.6 71.6 66.2 58.5 54.8 53.1 52.8 52.8 52.2 54.5 54.6 54.0 51.7 50.3 47.4 45.4 43.5 42.0 40.9
97.0 94.9 93.8 93.8 93.2 92.7 94.4 95.3 98.8 102.9 103.3 105.4 107.7 108.6 110.7 114.6 115.6 117.8 117.7 117.4 118.1 116.8 116.0 112.0 110.2 105.9 99.7 94.9 91.1 85.7 81.1 76.5 71.5 65.6 59.5 58.1 56.7 56.4 57.3 58.9 60.3 59.8 58.6 55.1 52.4 48.7 45.6 43.4 42.1 40.5
99.4 98.1 96.9 94.7 96.3 97.5 99.6 99.5 103.7 105.6 107.7 109.8 112.3 115.3 117.8 118.9 119.7 120.1 120.4 121.1 121.3 120.4 117.2 113.2 109.1 104.8 101.4 94.8 91.5 87.2 81.6 76.2 71.3 69.1 63.7 63.3 62.7 62.3 62.0 62.8 63.0 60.6 59.8 57.4 53.7 49.7 46.0 43.9 43.0 41.8
101.2 101.0 99.3 100.5 101.3 101.7 101.4 102.6 107.2 110.0 113.6 114.7 118.2 119.9 122.0 123.0 123.2 123.0 123.8 123.0 122.3 121.7 119.3 113.3 110.3 105.5 101.4 94.3 91.1 87.4 82.7 76.9 74.0 70.2 70.4 69.1 66.6 67.1 67.9 65.3 62.8 61.4 61.6 58.4 54.2 49.8 45.8 43.5 43.6 42.7
102.5 103.5 104.6 105.6 106.0 105.4 104.4 105.4 110.1 113.7 116.1 118.4 120.8 121.3 123.4 124.9 126.2 126.5 125.6 124.9 125.0 122.9 119.4 114.3 109.8 104.0 101.4 96.2 92.7 86.5 83.4 80.6 77.5 75.1 73.7 74.1 73.9 72.9 72.7 70.8 65.8 63.4 61.4 58.2 53.4 48.0 44.9 44.1 43.3 42.5
107.2 108.2 108.6 109.2 108.6 107.7 107.8 109.0 111.7 115.2 118.4 121.2 121.8 124.5 126.2 127.8 129.1 129.8 129.5 126.5 123.9 122.5 120.0 115.7 109.7 105.2 100.0 99.0 94.3 87.7 86.0 83.5 82.4 79.9 76.8 77.1 77.6 76.5 75.4 74.0 69.6 66.6 63.4 59.1 53.0 47.0 45.7 44.4 42.7 40.8
109.8 109.5 109.5 109.6 110.0 110.3 112.7 114.9 117.0 119.1 121.2 123.5 125.2 126.0 127.6 130.2 131.7 132.8 132.5 131.3 126.5 122.4 122.4 115.9 111.0 105.5 102.6 99.4 97.6 90.6 87.9 85.9 84.4 84.1 82.6 79.9 80.3 80.0 76.9 73.6 70.2 67.3 62.5 60.6 51.1 48.9 46.0 44.4 41.2 40.0
110.0 110.0 109.8 110.6 112.0 114.7 115.3 116.7 119.3 121.2 123.2 124.8 126.1 128.6 131.8 132.6 134.7 135.6 136.4 135.7 132.1 125.0 121.3 115.0 114.1 108.6 103.0 100.7 97.7 96.3 90.9 89.4 88.7 89.3 88.1 85.9 83.2 81.6 78.8 73.5 70.2 67.0 63.1 59.6 52.0 48.6 45.7 43.7 41.7 40.4
110.0 110.6 111.1 113.1 115.2 115.9 117.5 119.3 120.9 121.9 124.5 126.4 128.3 130.3 133.1 135.1 137.5 138.3 138.5 138.4 137.3 131.1 126.1 120.1 113.7 110.4 106.9 104.0 101.7 101.0 98.2 95.6 94.0 92.5 90.8 89.9 87.7 83.6 79.3 73.4 71.5 66.2 64.7 58.1 54.2 47.8 45.2 44.4 43.5 42.0
110.2 110.7 112.6 115.9 118.1 118.8 119.1 120.0 120.2 123.6 124.9 127.1 128.7 130.2 133.6 136.7 138.1 139.5 139.6 139.1 138.2 136.1 132.9 126.9 121.6 117.8 110.8 108.6 106.2 104.0 102.8 98.7 97.0 96.7 94.1 91.7 89.8 84.0 82.3 73.8 70.3 66.8 64.0 60.0 54.4 48.6 45.5 44.6 44.1 43.0
110.9 111.7 113.5 116.5 118.4 119.7 119.5 120.4 121.7 124.3 125.6 127.3 129.1 130.5 134.4 137.7 139.3 139.9 140.0 139.7 138.0 136.0 133.3 130.6 123.7 122.1 119.7 114.8 109.8 108.4 108.4 101.4 98.0 99.4 97.0 92.6 90.6 87.4 82.2 75.8 68.9 67.2 62.1 59.0 55.6 50.8 46.7 44.7 45.3 45.1
110.8 112.5 113.5 115.9 117.4 119.1 119.5 120.1 121.9 124.3 127.0 128.0 129.5 131.1 135.3 138.4 140.2 140.6 140.8 140.8 139.8 138.9 137.0 133.1 129.3 123.4 121.4 119.4 117.4 113.0 110.8 108.3 101.4 97.5 96.8 94.7 91.7 87.7 81.5 77.9 71.1 66.1 62.2 58.5 54.9 51.9 47.2 47.2 46.6 46.0
111.6 112.1 113.2 115.6 117.0 117.9 119.1 120.2 120.9 124.2 127.5 128.8 130.3 132.6 137.2 139.2 140.7 141.3 142.1 142.2 142.2 140.3 140.0 134.6 131.9 129.0 127.5 123.6 119.5 117.9 117.7 114.9 109.0 101.0 97.2 94.9 92.3 86.5 81.8 78.2 72.1 67.3 61.3 58.3 55.5 51.7 48.9 47.9 46.6 45.7
111.0 112.2 113.0 114.6 115.4 117.2 118.6 120.1 121.1 124.6 128.1 130.7 131.8 133.9 138.2 139.2 141.4 142.5 143.8 144.0 144.3 144.5 142.1 139.7 137.0 135.9 133.8 132.1 123.8 120.6 118.2 117.7 111.5 109.5 101.1 96.5 92.0 86.5 81.9 78.6 73.6 66.9 61.9 58.3 55.5 51.8 50.2 48.5 47.5 46.2
111.1 112.4 113.0 114.1 114.8 116.2 118.1 119.8 122.1 125.2 127.8 130.0 132.7 135.2 136.9 138.9 142.0 143.2 145.7 146.1 147.0 146.8 145.2 144.0 141.7 141.1 139.5 134.8 128.4 124.4 119.8 118.7 112.6 110.5 105.2 99.9 91.9 85.7 84.0 78.8 74.6 69.1 64.4 60.2 57.1 54.4 52.2 51.5 49.6 48.3
110.6 110.8 112.1 113.1 114.3 115.1 116.7 119.0 122.2 124.7 127.2 130.2 133.3 135.4 137.1 138.2 140.6 143.4 145.8 147.8 148.5 148.9 148.0 147.1 145.1 144.4 142.2 138.5 129.8 125.8 123.3 120.3 115.8 110.8 105.5 103.5 97.0 88.3 84.3 80.1 74.4 71.3 66.3 63.1 58.9 57.7 55.2 54.5 53.1 50.4
109.0 109.8 111.1 112.2 113.3 114.7 116.2 117.8 121.1 124.1 126.4 130.6 133.2 134.7 136.9 138.5 141.2 143.0 145.9 148.6 148.6 149.2 149.6 149.2 147.1 146.0 142.8 139.3 132.9 128.1 123.7 118.6 116.9 113.6 108.6 104.1 100.0 92.0 86.8 81.2 78.7 72.9 69.6 64.9 60.3 58.8 59.1 59.1 57.8 56.1
107.4 108.5 109.8 110.9 111.9 113.9 115.2 116.9 119.3 122.2 126.7 128.3 132.5 135.1 137.1 138.7 141.3 142.2 144.8 147.7 148.8 149.3 150.0 149.9 148.5 147.7 145.1 138.7 132.8 131.1 127.3 123.9 118.2 115.8 113.4 107.8 100.5 94.5 90.8 86.6 83.4 78.7 74.7 68.7 61.2 62.3 63.7 60.3 60.1 60.3
106.0 106.2 107.9 109.8 110.1 111.5 113.9 115.1 116.9 119.9 123.0 126.5 129.9 132.0 135.2 137.4 139.8 142.2 144.9 146.2 147.9 149.0 149.8 149.9 149.7 149.2 146.9 140.8 136.8 132.1 130.8 126.2 121.2 118.3 115.7 112.7 103.6 99.0 94.6 89.9 85.7 86.5 85.7 82.6 71.1 64.9 63.7 64.3 64.2 64.7
104.7 105.4 106.1 107.2 108.7 109.3 111.7 113.8 114.2 116.3 121.9 123.0 125.4 130.5 131.8 135.4 137.2 139.2 142.6 145.4 146.9 149.0 149.6 149.7 149.7 149.8 148.3 143.2 142.4 135.8 133.0 128.7 122.9 120.2 117.5 114.3 106.9 104.4 98.5 94.6 92.1 89.8 91.5 92.7 87.3 75.8 71.3 72.3 73.2 73.8
101.9 102.7 103.5 103.7 104.6 106.9 109.6 111.7 113.7 114.7 118.1 121.3 123.2 127.2 129.7 133.4 136.0 137.7 139.6 144.1 145.7 147.4 148.9 148.9 149.0 148.4 146.6 144.9 144.1 138.9 135.2 131.2 123.8 121.3 119.5 115.2 112.0 107.1 102.8 100.7 97.2 94.1 94.9 94.4 92.8 89.0 83.0 79.3 75.3 73.2
100.5 99.4 100.5 102.2 103.2 104.1 107.9 109.6 110.3 113.4 115.9 118.2 121.0 125.5 128.1 130.9 133.5 136.0 136.7 139.9 144.3 146.3 147.2 148.2 147.6 146.8 146.0 145.4 143.9 141.1 137.0 132.8 125.6 122.2 120.7 118.2 113.6 110.7 108.3 105.2 102.9 100.0 98.3 95.2 92.6 92.4 87.3 82.4 81.7 80.6
95.3 95.8 97.5 99.0 100.4 102.2 104.1 107.8 109.7 112.1 114.0 115.7 117.7 120.5 124.6 128.4 131.5 133.9 136.0 137.0 140.9 144.0 144.9 144.9 146.1 145.5 145.7 145.6 144.6 142.2 139.2 136.5 129.4 126.1 124.6 120.5 116.6 113.9 110.6 108.9 106.4 103.3 101.9 99.9 98.1 95.9 92.1 89.3 84.5 83.9
93.9 94.4 95.0 97.1 98.3 99.7 102.2 103.6 104.6 109.6 111.7 113.1 115.8 119.0 122.3 125.6 129.3 131.4 133.3 134.2 136.8 139.0 140.9 141.8 143.1 144.1 144.6 143.8 143.6 141.1 140.0 137.3 133.5 130.3 129.8 126.6 119.6 117.4 114.9 112.9 111.9 110.7 105.7 102.2 100.4 100.9 95.4 91.9 89.7 88.1
91.4 92.5 91.8 94.8 96.6 96.3 98.4 101.9 103.3 107.7 111.0 111.0 114.3 117.4 119.7 122.7 127.5 130.1 131.9 132.7 134.5 136.9 137.6 140.0 139.4 139.8 141.2 141.9 141.8 140.5 139.7 137.7 134.4 131.6 130.5 128.2 122.7 119.9 119.6 118.3 114.3 112.9 110.1 107.4 102.3 102.9 102.9 99.2 96.4 94.8
89.6 90.4 91.3 92.4 93.4 94.1 95.8 97.2 99.5 107.2 109.5 111.4 112.3 115.7 116.6 119.4 123.5 127.8 128.1 128.9 130.2 132.4 133.8 134.4 135.6 137.4 136.8 137.8 138.4 138.6 139.5 139.0 136.0 132.1 131.5 129.0 125.7 123.1 122.4 121.4 120.3 119.1 119.0 115.7 107.1 105.4 105.1 104.3 101.3 99.1
85.8 86.2 86.7 87.7 89.7 90.4 89.9 91.3 90.1 95.8 104.7 109.5 109.5 112.9 113.8 115.8 118.0 123.2 126.6 126.7 127.8 128.0 129.0 131.7 132.8 133.0 133.7 135.9 136.0 136.2 138.4 139.3 135.6 132.0 131.0 129.7 127.7 126.2 125.2 124.3 123.0 121.7 121.7 121.3 113.7 111.6 109.0 105.9 102.6 100.3
84.3 83.9 84.7 84.4 84.7 86.5 86.6 86.4 86.7 89.7 95.3 105.5 109.3 110.3 112.2 116.0 115.8 117.2 122.3 125.1 126.4 127.7 127.0 129.1 131.1 131.4 130.8 131.5 132.4 133.2 134.4 134.4 132.1 130.6 130.5 130.0 129.2 128.4 126.9 126.3 124.4 123.7 122.6 121.7 119.5 114.7 112.3 106.2 103.2 101.9
81.1 81.0 81.7 81.5 81.9 82.3 84.5 86.1 86.4 88.8 93.5 99.5 104.6 107.9 110.9 112.4 113.8 116.1 116.3 120.9 123.4 124.7 125.1 126.5 128.0 128.9 129.0 129.3 129.8 130.0 131.5 130.8 130.4 130.0 130.0 130.0 129.9 129.1 128.7 127.7 126.3 124.7 122.7 121.6 120.7 118.6 114.3 107.6 104.9 102.3
78.5 78.2 78.4 78.7 79.0 80.3 82.2 84.7 86.2 90.0 93.3 98.0 100.4 103.5 107.7 110.8 111.3 113.2 113.5 117.1 119.4 120.6 121.3 123.0 124.4 125.9 125.2 126.6 128.3 128.2 128.5 129.8 130.0 130.0 130.0 130.0 130.0 129.6 129.7 128.7 127.1 124.9 124.3 121.8 120.7 119.8 114.8 108.4 105.9 105.3
76.0 76.6 77.0 77.1 77.0 78.3 80.5 82.2 84.2 89.4 93.3 97.2 98.0 100.3 103.4 109.4 109.7 111.6 112.7 114.5 116.2 118.7 118.8 120.6 122.1 123.3 123.8 123.6 124.6 124.8 126.1 128.5 129.7 129.7 129.8 129.9 130.0 129.9 129.8 129.6 128.0 125.2 123.6 122.1 120.9 118.9 116.0 109.2 106.7 106.4
74.7 74.5 74.9 75.2 75.8 77.2 77.8 80.5 83.0 88.4 92.8 95.5 96.6 96.5 100.0 106.3 108.3 110.4 111.0 112.6 113.7 114.3 115.6 118.5 119.0 119.6 120.1 120.6 121.0 121.5 124.3 125.3 126.7 127.8 129.0 129.6 129.9 129.9 129.7 129.7 128.3 126.3 123.5 122.8 121.7 119.5 115.8 109.7 108.1 106.5
72.2 70.4 71.7 72.5 74.3 76.5 78.0 79.5 81.0 84.2 89.7 92.9 93.5 94.2 94.7 98.1 104.3 107.6 108.1 109.9 110.7 111.8 112.9 113.5 113.9 114.8 114.8 116.0 115.9 117.3 120.1 122.0 124.9 126.6 128.2 129.3 129.9 129.5 129.6 129.2 128.1 126.8 123.8 122.3 121.0 119.6 115.8 111.3 107.4 104.7
-9999.0 70.4 70.2 70.4 73.0 75.5 78.5 79.9 80.2 84.0 85.1 90.0 91.6 92.2 93.1 92.5 96.0 99.1 102.1 105.6 107.4 108.8 109.0 109.8 109.9 111.5 112.4 112.2 112.7 116.2 117.4 120.1 121.5 123.3 125.4 127.6 128.2 128.7 129.1 128.3 127.7 126.4 123.3 121.7 120.9 119.5 116.3 113.4 108.4 106.8
-9999.0 70.0 70.2 70.1 72.5 74.3 77.8 79.5 80.0 81.5 82.9 85.0 86.0 87.9 90.4 90.0 94.2 96.6 99.4 100.7 103.3 105.2 106.1 107.2 108.4 107.0 109.2 109.5 110.7 112.6 115.0 117.7 119.8 122.5 124.0 125.4 125.8 125.8 126.8 126.3 125.8 124.3 122.7 121.1 120.6 118.6 116.5 113.8 111.7 109.7
-9999.0 70.0 70.1 70.2 71.7 74.3 77.0 78.6 79.4 80.1 81.5 83.1 83.7 84.8 87.3 88.8 89.6 92.5 95.9 97.5 100.5 101.3 102.9 101.9 103.6 105.1 105.7 105.3 107.5 109.8 111.7 114.7 116.8 119.6 121.2 122.0 123.3 123.4 122.9 122.8 123.7 123.9 122.2 120.7 120.4 119.3 116.7 115.2 112.5 110.1
-9999.0 70.0 70.0 70.2 70.1 72.0 75.0 76.6 77.4 77.3 78.0 79.0 80.8 81.4 83.4 85.5 87.0 89.7 92.2 95.4 97.1 98.3 95.4 97.8 98.1 97.3 99.9 103.8 102.3 106.5 108.3 112.3 114.0 116.5 119.0 120.1 120.8 122.1 121.0 120.5 121.5 122.3 121.6 120.4 119.5 118.6 116.4 114.7 113.1 -9999.0
-9999.0 70.0 70.0 70.0 70.3 70.7 71.2 72.3 72.8 72.9 73.6 75.2 77.4 79.5 80.2 80.7 84.1 85.3 86.7 89.9 90.0 91.4 90.2 91.8 92.2 95.4 96.2 99.1 100.5 101.5 105.5 109.5 112.5 114.3 116.1 117.5 118.6 118.8 119.9 118.7 119.7 120.9 120.4 119.7 118.3 117.9 116.6 114.4 -9999.0 -9999.0
-9999.0 -9999.0 -9999.0 70.0 70.0 70.2 70.2 70.1 71.1 70.2 70.0 71.1 72.3 74.9 75.1 79.3 82.7 84.1 84.6 86.0 85.8 85.7 85.9 88.0 88.1 90.0 93.3 94.7 94.4 98.8 102.4 107.4 111.7 114.5 116.0 115.9 116.2 116.6 115.4 114.3 117.3 119.5 119.6 -9999.0 -9999.0 -9999.0 -9999.0 -9999.0 -9999.0 -9999.0
