code_hw01/idw.asc
NCOLS 184
NROWS 101
XLLCORNER 505011.47
YLLCORNER 5258286.13
CELLSIZE 100.0
NODATA_VALUE -9999
[rows 36 to 71 of 101, columns 0 to 81 of 184]
44.8 41.8 45.6 46.6 34.9 29.8 14.5 27.6 39.7 32.9 27.7 15.4 43.3 54.5 89.2 101.1 122.1 122.2 116.1 137.3 149.9 159.5 169.4 173.3 168.4 165.3 154.3 136.9 128.2 133.7 126.5 111.4 102.4 97.7 94.8 73.5 55.9 40.8 37.4 37.3 36.7 37.7 34.4 30.4 30.7 26.7 20.3 12.3 0.6 8.2 5.7 1.9 5.0 3.4 1.8 3.7 6.8 2.9 2.2 0.8 0.0 0.0 0.0 0.1 3.4 6.1 24.6 56.0 71.9 86.4 118.8 148.2 169.9 181.1 196.1 221.8 275.4 290.8 336.1 369.2 375.4 381.6
32.7 30.0 27.1 27.5 25.9 15.3 8.2 11.4 18.6 14.3 3.5 13.0 35.9 64.2 91.4 100.2 106.1 86.0 88.0 123.6 146.9 146.2 148.9 146.1 138.8 132.2 123.7 118.4 117.6 112.5 107.7 97.6 90.5 81.4 71.3 60.2 44.6 34.5 31.8 31.1 25.7 24.9 24.8 20.4 15.7 7.6 9.9 8.1 3.9 4.3 2.9 1.5 2.3 1.5 1.4 0.0 2.8 1.6 1.0 0.1 0.1 0.1 1.6 4.4 10.9 25.0 48.2 56.7 86.6 114.5 145.7 164.1 149.7 163.0 197.6 228.4 272.9 313.7 363.8 369.4 380.6 407.6
27.0 26.0 24.4 21.1 15.3 6.3 0.9 4.4 8.1 9.6 8.3 9.9 20.9 59.8 85.1 73.4 78.9 71.9 74.7 116.7 129.5 137.7 136.0 114.1 111.6 111.8 115.3 109.7 104.7 96.6 98.1 82.1 69.1 59.8 53.4 45.0 33.1 27.9 27.7 25.7 24.2 21.7 18.6 13.2 8.7 1.7 3.9 1.4 1.8 2.6 1.4 0.9 2.4 1.4 1.7 1.4 2.0 1.9 0.6 0.4 0.2 2.4 6.1 18.1 34.7 56.6 60.7 81.8 109.8 137.4 180.0 176.8 174.1 178.3 206.6 227.1 256.3 308.6 345.2 369.3 407.6 443.9
22.1 20.9 16.9 12.5 6.5 2.8 2.9 7.2 10.3 9.5 8.4 8.5 17.3 39.0 54.9 53.8 60.5 71.9 91.6 124.6 128.4 126.2 116.0 103.8 106.1 105.6 111.4 101.8 100.4 87.9 81.2 70.4 58.4 53.6 43.1 36.0 27.8 25.8 23.5 21.5 19.1 14.9 11.4 9.3 6.7 3.2 2.5 0.8 1.5 3.5 4.4 4.7 5.6 4.0 2.2 5.4 5.2 4.3 4.1 4.1 4.6 8.3 27.4 49.2 74.5 85.2 107.2 125.7 140.9 164.6 191.2 198.9 191.7 202.2 219.4 227.4 258.8 292.1 350.2 391.3 444.9 468.2
15.6 12.0 8.1 5.5 2.4 0.0 6.8 17.9 13.8 13.7 11.0 12.3 15.8 21.6 14.5 30.3 39.2 50.8 78.7 106.9 119.0 116.6 106.7 102.7 96.2 89.6 90.6 85.8 82.1 84.2 72.1 55.6 54.6 47.5 35.9 31.6 25.4 23.2 21.2 17.6 11.7 6.1 7.5 7.6 4.7 3.7 0.5 2.5 3.6 8.6 8.9 10.6 9.7 6.6 6.7 8.3 12.1 9.2 11.4 11.4 22.2 45.7 70.4 85.2 85.4 115.5 128.9 154.4 173.4 197.1 240.2 227.0 230.6 230.0 221.9 248.2 275.5 299.6 353.7 421.6 467.3 493.9
7.4 4.7 1.9 1.7 0.9 0.5 4.4 9.7 16.0 13.5 8.3 7.6 12.6 7.3 7.0 15.9 18.4 31.8 49.0 62.8 90.5 94.6 89.2 80.2 67.2 63.9 71.8 66.8 64.8 67.3 59.8 50.2 44.5 38.1 23.7 25.0 23.2 19.8 18.6 14.2 6.6 3.0 3.9 3.3 4.4 5.2 4.9 8.5 9.9 11.6 12.5 12.7 13.9 15.7 12.4 19.2 27.3 30.3 25.9 32.1 49.2 65.3 83.2 103.8 110.7 132.7 131.9 134.7 185.5 217.0 238.3 245.9 258.9 254.6 214.2 253.6 284.4 326.1 351.8 426.0 484.3 508.8
4.6 1.2 0.4 0.9 1.2 2.1 4.8 7.7 11.0 8.3 5.4 7.4 12.1 8.9 6.1 12.0 4.2 31.3 43.2 46.8 53.0 64.8 63.2 51.0 55.1 57.5 57.1 52.5 51.9 46.3 41.0 36.1 33.6 29.7 23.5 20.2 16.9 16.3 13.0 10.4 4.9 2.1 2.3 2.8 6.4 8.8 6.4 14.0 12.7 15.6 17.6 17.8 19.1 24.5 29.7 33.5 37.5 38.7 44.3 52.0 67.3 68.5 107.7 129.2 141.9 142.2 133.6 162.3 174.8 213.0 237.2 262.3 292.5 277.9 274.6 286.3 310.3 329.8 349.6 425.7 473.3 509.0
2.6 1.4 1.3 2.1 2.4 3.7 5.3 6.8 6.9 4.8 7.2 8.3 17.2 13.0 12.6 12.8 9.5 10.3 21.8 22.1 26.6 26.7 36.7 42.3 44.1 41.7 38.7 41.9 40.8 33.3 31.8 28.9 24.9 20.2 17.7 10.5 12.6 11.0 9.8 11.3 6.3 2.4 2.4 4.9 7.3 9.7 12.9 16.8 22.6 25.0 24.3 24.9 25.7 31.3 36.8 47.6 51.0 56.4 55.3 70.9 92.3 113.1 148.7 143.5 147.3 168.1 178.7 193.4 196.2 224.2 246.3 279.7 305.3 301.2 312.2 332.8 343.5 346.0 364.0 431.4 453.3 483.5
6.0 5.0 5.0 4.3 5.5 6.8 6.3 5.0 5.3 8.1 9.4 12.8 18.1 16.8 17.3 15.1 11.3 11.6 8.6 5.0 7.6 13.5 23.1 29.0 30.7 31.1 28.9 29.2 26.3 23.8 22.2 20.4 17.4 16.1 14.5 10.7 6.5 3.5 4.8 4.2 2.7 1.1 0.9 3.7 8.1 8.7 18.4 23.4 30.3 31.8 30.0 28.3 35.9 44.6 57.5 64.6 65.2 67.6 71.0 92.7 126.6 135.6 152.4 156.6 184.8 216.9 239.4 236.7 202.0 233.9 243.6 279.0 325.6 325.1 344.3 361.3 369.1 378.5 386.7 417.0 443.8 471.2
13.7 11.2 9.4 9.5 12.2 13.6 8.2 6.0 6.7 9.8 12.1 18.9 31.2 25.0 22.4 16.5 2.5 10.2 4.6 1.6 3.6 6.4 11.0 18.3 20.6 20.5 20.8 20.5 21.0 21.3 20.2 17.2 14.7 12.9 10.8 7.9 3.5 1.8 0.6 1.2 0.8 0.9 0.5 4.6 10.3 15.4 22.1 25.9 31.8 32.7 33.2 36.8 46.7 62.5 67.3 69.5 70.3 78.6 88.5 112.7 140.8 157.1 165.1 176.7 223.5 251.6 264.2 274.7 261.4 268.4 287.4 302.8 326.6 348.0 378.3 376.3 398.7 372.9 402.1 422.7 433.2 466.3
25.3 22.6 20.2 16.2 13.0 11.5 9.6 8.2 8.0 9.3 9.4 19.2 28.5 27.6 26.4 17.0 12.5 13.7 10.9 6.3 3.8 2.2 3.8 7.0 11.3 14.1 18.0 18.6 17.4 19.7 17.4 14.9 11.7 11.0 8.7 4.9 0.3 0.8 0.0 0.5 0.9 1.5 3.6 7.2 16.9 16.2 23.9 29.4 34.5 38.3 41.6 46.6 59.0 67.4 73.0 79.3 83.9 86.8 96.3 128.2 151.0 169.8 176.9 207.0 244.7 266.7 278.0 294.6 288.3 299.2 321.5 330.2 345.9 373.7 405.2 427.1 424.8 419.6 431.0 423.7 426.6 460.8
28.6 28.3 23.6 19.8 16.5 12.4 10.7 9.1 8.3 11.3 13.3 20.1 26.3 25.8 24.5 21.8 19.1 22.4 21.6 11.2 2.9 0.0 1.6 4.0 6.2 10.1 11.8 11.6 10.0 11.1 11.5 11.0 10.3 8.7 6.0 3.0 0.7 0.2 0.3 0.3 1.1 2.0 6.4 6.6 9.5 14.3 23.4 31.1 39.9 44.5 46.8 51.1 66.1 76.3 83.6 93.2 96.2 102.4 106.6 132.0 149.4 165.9 191.9 226.3 255.4 266.7 280.8 292.4 307.5 313.3 323.9 334.7 360.5 390.5 414.3 429.1 430.6 439.0 473.7 447.8 463.6 470.1
28.3 27.9 23.9 21.7 19.1 13.0 11.1 9.4 11.0 16.2 18.4 20.1 25.4 27.0 28.0 27.2 24.5 22.9 21.9 11.9 3.2 1.0 0.9 2.0 3.4 4.0 5.5 8.7 8.5 6.1 7.0 7.2 6.5 4.1 2.9 1.6 1.1 0.3 0.5 1.1 1.4 1.3 3.0 4.8 7.3 11.0 19.6 28.6 38.3 43.5 48.2 56.3 70.0 76.4 86.6 100.2 104.0 108.2 120.6 140.8 161.7 185.4 197.5 229.6 254.9 262.5 281.9 295.6 330.7 323.5 339.7 351.6 371.8 392.7 412.7 419.8 440.3 445.2 457.0 448.7 454.4 477.8
28.1 26.5 23.5 23.6 22.3 12.7 9.7 13.5 14.5 17.8 20.7 19.8 25.2 30.0 31.5 31.4 29.1 22.7 15.4 6.3 3.6 1.1 0.2 0.9 1.4 3.2 3.0 5.5 5.6 3.3 4.2 4.0 2.4 2.3 1.9 1.8 2.3 2.9 2.7 0.8 1.8 2.3 3.2 5.9 7.8 8.4 10.2 19.4 33.0 41.9 49.1 57.6 65.1 79.9 87.4 111.0 125.0 128.6 136.7 150.3 182.9 200.2 168.2 220.5 249.7 257.1 269.1 288.2 309.4 329.2 348.2 351.6 372.1 391.9 401.7 413.8 419.7 435.2 446.5 446.4 441.3 466.9
30.8 28.2 24.4 23.5 22.8 16.8 14.0 19.3 20.5 19.5 20.4 24.7 29.0 30.7 31.5 31.0 29.1 24.6 17.4 10.4 5.6 3.1 3.4 2.1 2.7 5.1 1.3 5.9 5.3 2.2 2.7 1.6 0.2 2.2 5.3 1.4 4.9 10.1 10.8 9.1 8.3 6.2 3.6 8.8 10.5 8.5 6.2 14.6 28.5 35.8 46.9 55.5 62.7 75.5 93.0 113.4 134.6 143.8 149.7 163.1 200.9 211.9 223.8 232.5 246.9 256.3 267.2 281.3 292.8 318.0 342.0 340.0 362.7 375.6 381.0 401.1 406.6 407.9 412.5 430.9 427.0 437.6
33.6 30.7 27.8 22.9 18.5 19.5 18.9 21.3 25.6 23.9 26.0 28.7 30.9 32.8 32.0 31.3 29.6 25.4 21.3 15.7 9.2 4.2 6.8 3.3 6.5 11.6 12.5 12.5 9.0 3.4 0.3 2.7 1.1 4.5 13.5 12.2 17.2 6.0 14.3 22.3 21.8 17.6 15.7 13.7 14.0 15.4 13.2 15.2 25.6 29.3 37.1 53.8 58.9 69.3 89.7 106.2 117.5 132.4 144.7 165.7 197.2 219.8 231.0 238.9 245.8 254.7 267.8 285.3 284.3 295.4 305.9 307.8 332.8 351.8 348.9 373.1 389.0 393.5 392.9 393.7 407.5 416.6
35.5 34.1 30.6 24.7 21.7 22.3 22.4 23.1 25.3 28.1 33.0 36.7 37.3 34.7 30.0 31.5 30.8 28.9 23.8 21.6 17.9 17.0 14.2 14.8 20.7 23.4 23.4 22.3 16.1 6.2 7.9 9.2 9.5 16.4 37.1 31.3 35.6 45.6 43.7 51.0 44.6 34.7 32.4 26.7 21.4 26.8 27.3 25.4 28.8 30.6 28.3 44.6 50.6 64.5 78.1 92.8 114.8 123.4 133.0 155.5 178.8 199.2 219.0 229.8 246.4 251.5 266.2 263.5 277.1 281.8 290.1 286.7 301.4 313.0 310.7 335.0 348.1 370.7 379.2 374.8 393.0 403.7
38.0 34.4 32.3 28.4 25.2 22.1 21.2 24.8 29.5 34.5 38.4 37.4 41.7 41.8 38.0 35.9 35.4 31.4 28.7 26.3 31.7 34.9 34.3 31.2 35.0 36.9 31.2 30.0 28.5 26.1 14.1 19.6 24.4 39.6 63.5 67.4 64.6 60.7 67.9 73.0 72.7 55.8 44.4 39.9 35.2 36.0 36.5 33.1 31.8 30.0 20.1 37.1 51.4 62.3 74.5 86.3 111.1 120.3 128.5 150.2 177.2 184.2 199.9 221.1 233.2 240.6 250.0 252.1 256.8 268.7 278.7 276.0 276.1 291.5 299.6 315.4 323.2 343.5 358.5 364.3 372.7 396.9
37.1 34.9 30.3 28.4 27.9 26.1 25.8 29.0 34.2 36.0 42.1 43.1 47.9 48.7 48.2 46.2 44.1 39.4 37.1 37.1 38.2 41.9 48.5 45.0 43.0 47.5 39.9 39.3 38.1 36.1 21.2 30.3 38.3 60.2 78.9 87.4 101.9 107.2 90.9 88.4 89.1 75.9 59.3 55.2 49.5 47.9 44.8 40.6 36.2 34.4 33.9 40.9 49.9 60.1 70.8 88.6 112.6 121.7 119.5 130.5 142.5 168.8 190.7 211.9 225.9 235.6 241.0 244.8 246.7 247.1 256.5 267.4 269.2 275.1 278.7 286.4 313.2 330.9 337.6 335.1 344.7 374.2
36.6 34.9 29.9 29.3 30.3 31.1 34.3 35.4 39.9 43.7 51.4 54.7 57.7 50.8 51.1 53.7 48.7 48.2 45.5 47.4 47.2 54.0 67.4 65.9 66.0 66.8 62.8 56.2 51.2 48.5 41.0 40.6 51.5 69.8 86.3 108.2 125.0 131.4 114.0 110.8 110.0 97.8 73.7 72.3 58.2 52.9 48.1 41.0 34.9 37.2 38.4 38.7 41.4 55.7 67.7 85.8 104.8 108.6 101.9 96.1 127.1 137.2 183.7 196.0 220.8 233.9 235.0 231.0 232.1 233.4 237.3 250.9 260.1 269.3 264.0 270.1 302.7 321.1 327.9 333.4 342.4 355.9
36.1 35.9 32.3 29.3 31.8 33.3 38.9 44.6 48.0 55.3 60.2 62.0 67.2 68.3 68.5 67.1 62.9 59.5 54.9 54.1 58.0 63.6 78.6 78.8 82.5 77.7 83.5 78.1 71.9 61.3 54.4 55.5 57.8 69.2 88.0 110.7 119.3 122.5 114.9 127.4 132.0 121.9 95.9 78.3 65.9 53.5 48.9 42.9 42.0 41.5 39.2 39.3 46.4 59.4 63.3 69.6 98.2 104.7 95.6 117.8 133.0 143.4 174.5 190.9 213.1 233.7 226.9 218.4 217.4 226.8 226.4 227.1 242.2 242.5 256.8 274.3 303.1 310.5 313.5 317.4 325.6 340.7
39.1 35.8 30.3 21.1 31.5 40.6 44.5 55.0 59.7 73.7 81.9 78.3 82.8 88.6 85.9 82.1 77.8 68.1 51.7 53.6 59.4 65.5 72.7 83.8 88.2 85.0 85.2 87.6 90.1 73.4 61.6 65.9 64.4 67.1 84.4 99.2 107.5 103.7 109.3 130.7 140.7 147.5 133.4 102.3 81.0 59.6 51.7 49.9 44.1 45.6 43.7 42.7 45.5 59.7 74.8 83.2 104.9 113.4 116.1 135.0 142.7 135.2 174.6 193.5 209.5 218.8 215.3 192.7 199.6 200.6 207.6 202.3 230.0 242.3 254.4 268.8 278.0 284.9 296.2 302.6 308.4 316.1
35.3 31.3 24.5 32.7 42.0 48.9 56.4 57.5 69.0 88.9 98.8 110.2 112.0 105.4 97.3 84.3 85.8 72.9 58.9 54.1 61.5 76.6 79.7 88.9 90.4 92.1 91.6 88.2 83.4 75.1 67.9 68.8 68.0 70.6 82.7 86.9 92.2 105.3 119.1 134.6 156.3 179.4 164.3 134.8 105.9 73.3 56.5 52.8 49.6 49.4 47.5 45.2 48.6 61.6 78.9 87.0 107.0 125.5 130.8 155.1 159.1 169.5 182.1 190.8 208.2 215.6 212.3 199.7 192.2 189.8 199.7 209.2 236.1 253.4 258.5 266.4 263.1 265.4 280.9 294.6 298.9 312.9
31.7 27.7 23.2 41.2 45.5 55.8 64.9 69.2 83.0 99.8 117.8 134.4 138.7 127.3 122.9 109.2 104.7 85.2 68.4 64.1 65.9 75.3 91.9 97.0 98.3 102.1 99.8 94.3 92.6 69.2 68.7 67.9 70.9 78.7 89.1 64.2 76.0 92.8 113.8 141.1 159.2 180.2 181.6 188.2 151.7 93.2 64.2 53.3 51.3 49.2 48.3 46.2 45.4 59.0 76.1 81.3 106.4 120.0 139.9 178.9 163.4 177.8 187.1 195.6 204.4 206.2 209.2 197.4 184.2 184.0 208.9 225.0 247.7 252.0 261.9 274.2 256.4 250.2 268.2 282.2 290.5 292.0
27.8 36.8 40.9 52.3 55.9 63.7 72.9 78.4 90.2 92.8 135.5 148.1 155.6 154.3 148.5 137.0 113.1 96.6 80.7 68.8 72.5 81.8 95.7 108.4 124.0 129.7 118.3 105.6 92.1 79.7 70.4 71.6 76.1 89.1 103.3 94.9 91.1 87.5 115.0 134.6 157.7 170.4 185.5 192.3 166.5 99.6 64.3 58.7 52.5 47.1 45.7 44.1 41.8 55.5 65.2 75.0 98.7 116.2 129.0 149.9 160.5 178.5 200.0 201.6 206.8 208.6 192.8 175.5 168.5 202.5 231.5 232.2 243.7 249.6 254.1 255.2 252.4 255.9 260.8 266.7 269.7 265.4
41.8 47.4 54.1 61.8 69.1 74.9 81.8 87.2 102.0 116.6 142.5 153.8 163.5 173.1 174.4 161.4 149.8 122.9 98.4 89.9 86.6 101.3 113.7 130.4 142.2 139.1 136.8 124.2 109.2 97.2 80.0 64.7 70.6 92.0 106.6 107.9 107.0 108.8 124.9 145.9 168.5 175.0 186.3 185.4 163.4 110.7 68.9 56.1 49.3 43.7 40.2 34.5 40.2 52.5 58.0 68.2 85.3 102.6 125.7 130.3 157.0 173.2 199.6 207.0 194.6 190.3 183.0 159.5 155.0 187.8 213.6 235.5 245.0 248.7 251.1 249.3 248.1 249.8 251.8 257.7 258.5 235.4
43.6 49.4 56.0 63.5 72.0 82.9 95.4 97.7 114.6 136.7 149.8 155.9 185.3 199.3 206.0 180.7 166.0 138.8 107.1 96.6 100.1 110.7 114.5 140.9 153.1 156.9 159.3 150.8 118.1 95.6 85.4 80.4 83.8 94.5 102.0 107.4 107.8 99.5 122.9 149.2 166.6 211.1 198.2 182.2 146.8 106.0 72.8 58.2 38.5 39.4 35.2 31.8 37.1 50.5 56.3 65.3 76.4 86.7 96.1 119.5 149.9 173.4 178.0 189.8 170.8 178.5 173.3 165.8 167.3 175.0 196.7 214.1 230.1 245.2 247.8 246.3 238.0 236.3 237.7 239.4 239.2 203.7
43.1 48.1 56.0 63.3 73.0 81.4 96.7 104.9 124.7 160.7 160.6 172.5 215.5 239.2 211.1 186.1 173.3 127.6 103.1 88.6 100.9 114.1 133.5 155.7 166.4 193.1 177.5 159.9 130.4 106.4 101.5 87.6 96.4 104.9 109.4 120.0 112.5 96.8 124.5 147.1 169.5 190.6 194.8 172.8 150.8 100.7 72.5 58.9 33.6 37.1 36.9 33.8 35.7 48.9 55.1 60.9 66.7 70.4 72.8 84.3 108.4 109.1 147.3 169.4 169.2 170.0 160.6 146.7 147.8 163.0 183.3 206.8 217.1 232.7 240.1 249.4 230.9 230.4 226.9 227.8 218.0 193.4
38.8 47.5 54.7 61.1 73.4 81.5 97.3 110.0 124.7 143.6 149.6 168.6 194.5 209.8 209.4 183.9 156.8 124.7 109.5 94.5 106.3 119.7 145.0 161.2 167.0 183.7 180.3 162.1 144.3 118.6 101.3 95.0 103.0 112.0 114.7 118.8 106.3 89.3 117.3 138.6 150.2 173.8 186.7 184.8 143.2 89.4 53.4 52.0 40.9 39.5 40.6 41.1 44.0 49.3 53.4 56.6 57.4 45.6 53.6 57.0 81.5 92.5 122.4 126.4 139.8 144.1 132.6 120.8 123.2 144.1 161.5 186.5 209.2 227.7 234.9 241.8 233.5 222.0 211.2 199.2 188.9 184.6
39.6 46.3 54.9 65.1 77.4 78.0 96.4 111.1 117.1 127.4 138.0 156.8 174.8 218.3 210.6 179.4 161.8 132.7 115.6 106.9 115.5 124.0 146.3 168.5 168.6 178.7 184.1 180.2 158.2 134.7 119.0 108.1 111.7 116.1 120.9 123.8 115.8 107.5 105.3 118.1 127.8 146.7 157.2 144.3 113.0 79.2 49.9 49.1 50.2 46.5 44.0 45.1 45.3 47.5 55.0 58.9 58.7 57.1 56.0 61.2 68.5 72.8 75.9 94.4 99.5 103.4 98.6 95.2 101.0 115.6 126.3 173.3 208.2 220.5 228.2 233.1 224.4 215.0 194.3 165.4 175.9 177.2
50.8 58.6 65.4 73.1 85.1 84.0 98.5 106.5 117.2 124.2 137.7 149.6 175.9 186.0 193.7 177.9 156.6 135.9 122.6 116.7 109.6 121.2 139.5 162.1 176.5 186.8 191.0 185.2 158.3 144.4 125.2 114.3 107.9 116.6 124.4 133.3 136.2 125.5 113.3 116.5 127.5 130.9 141.1 123.2 111.6 84.2 64.9 57.1 57.3 55.4 51.5 51.6 48.5 42.6 57.9 62.6 69.3 67.2 65.2 61.0 63.3 61.0 59.8 66.7 84.8 82.4 87.5 84.4 90.9 107.1 124.4 156.1 188.7 212.5 226.0 228.6 217.2 221.3 193.7 171.1 172.0 175.8
66.2 70.8 70.6 75.5 86.4 91.3 102.2 102.9 115.8 121.9 132.7 140.5 162.3 186.0 190.2 192.2 179.0 149.7 131.5 116.0 113.3 123.8 139.4 162.0 174.8 199.6 202.5 193.5 170.5 148.7 107.4 118.9 113.0 121.5 132.5 142.7 157.1 146.8 127.9 138.5 144.7 147.9 144.0 121.9 105.8 78.8 71.1 55.9 60.3 64.7 68.2 61.8 57.7 59.3 64.2 67.3 78.2 72.3 69.1 58.0 67.1 68.8 67.3 66.3 64.6 63.3 64.7 76.5 84.6 96.7 114.5 140.4 168.2 196.8 213.7 221.0 205.7 197.6 188.7 153.4 151.5 172.0
75.2 79.0 84.7 87.6 73.8 91.0 102.9 121.2 131.7 135.5 149.6 157.8 172.6 189.9 196.9 205.1 195.3 169.0 141.7 117.4 122.0 135.6 140.8 165.7 199.9 223.7 215.6 196.9 183.6 158.8 132.5 125.3 124.5 130.4 143.1 149.5 168.3 172.9 167.6 168.2 171.2 179.6 153.8 128.5 103.8 83.6 74.4 70.8 73.3 79.3 82.0 78.5 70.1 69.9 72.0 81.1 83.4 81.0 75.7 72.0 75.8 74.3 69.5 65.8 61.4 55.4 64.7 69.8 78.6 85.2 101.2 119.8 140.2 155.2 177.8 183.3 175.8 178.7 178.6 156.5 138.0 165.9
73.9 85.0 92.5 97.2 98.0 89.1 98.0 125.3 140.3 150.5 155.5 169.4 184.5 203.5 212.6 212.9 193.5 183.1 160.8 141.9 134.0 135.4 146.6 177.1 220.6 247.2 234.7 233.5 175.5 164.1 147.5 141.8 129.2 137.5 148.5 157.8 176.8 182.3 181.7 182.2 180.7 187.0 148.8 128.8 113.4 86.0 73.2 66.8 77.9 90.1 97.2 90.9 85.0 79.8 71.0 88.1 89.2 88.0 85.4 84.1 85.8 85.1 77.2 67.5 63.7 61.1 61.0 62.5 70.9 79.7 91.7 108.3 131.6 142.1 173.1 153.8 150.6 147.8 148.0 131.1 139.4 167.5
83.0 92.6 100.2 116.0 119.6 122.0 125.2 135.2 145.8 154.9 165.5 183.3 208.5 236.7 243.4 230.3 213.9 188.6 172.1 151.2 136.8 144.0 156.0 195.2 234.1 253.4 238.5 235.9 197.4 148.0 156.6 145.3 139.4 142.3 147.6 177.2 203.4 200.4 200.7 196.8 188.7 168.3 139.9 118.9 115.7 94.3 82.9 83.5 92.7 100.5 102.2 100.9 95.0 81.4 86.6 89.2 98.2 93.9 91.4 87.8 93.1 92.4 80.9 73.9 62.2 60.6 60.9 62.6 65.5 71.5 78.8 92.9 105.6 118.2 130.1 138.7 132.6 127.1 124.2 125.9 132.2 154.0
90.6 99.7 106.5 123.7 147.8 134.2 144.0 155.2 158.0 168.7 179.4 193.7 195.1 222.4 238.6 248.2 237.5 227.9 197.3 163.5 146.4 154.1 178.2 215.4 270.7 277.0 250.8 235.9 209.6 172.6 169.6 165.0 159.2 167.3 177.1 207.2 239.1 221.1 200.7 193.6 182.4 153.2 94.6 122.4 112.2 100.9 97.8 102.1 105.9 108.3 105.1 107.4 104.1 92.3 94.4 94.8 95.6 95.7 96.1 102.3 98.3 96.6 85.6 78.0 67.0 69.0 67.7 64.2 66.0 64.8 71.1 81.4 86.5 94.1 103.1 110.5 113.4 109.8 104.2 118.4 126.3 142.8
