code_hw01/idw.asc
NCOLS 184
NROWS 101
XLLCORNER 505011.47
YLLCORNER 5258286.13
CELLSIZE 100.0
NODATA_VALUE -9999
[rows 36 to 71 of 101, columns 82 to 163 of 184]
398.2 387.3 349.7 329.9 322.7 327.4 347.8 362.7 378.2 385.5 392.4 411.6 425.9 440.9 436.5 498.8 526.9 552.6 518.0 466.9 430.2 395.7 394.6 409.7 433.9 459.7 477.6 499.1 500.6 482.1 454.0 446.6 413.2 385.4 377.2 380.6 371.6 371.0 345.5 311.4 279.6 275.6 236.9 217.7 205.7 187.4 180.2 167.8 155.1 148.0 126.7 115.5 110.3 109.0 112.9 101.2 75.1 76.1 75.3 67.5 53.6 58.5 48.6 37.1 30.0 27.5 27.0 22.3 20.9 23.7 27.3 27.2 25.9 24.3 14.1 10.9 5.1 0.5 0.4 0.0 0.3 0.6
419.0 422.7 407.1 383.1 357.3 334.1 370.7 395.0 422.4 441.7 459.2 456.5 464.6 479.7 485.9 498.1 530.3 541.6 538.7 525.0 453.4 439.8 438.2 448.6 481.3 490.8 510.2 526.9 524.5 480.7 428.4 419.9 384.2 371.2 355.5 344.6 336.5 333.1 316.5 284.4 251.3 238.8 235.4 203.0 175.6 177.0 177.4 167.4 151.7 149.9 137.7 123.0 118.7 117.4 109.1 103.6 97.4 92.9 91.4 80.3 67.6 62.5 56.8 53.5 46.9 36.1 29.1 27.4 27.5 30.7 32.2 27.2 26.8 33.1 21.5 13.6 7.7 1.2 0.6 0.4 0.2 0.4
458.2 458.9 438.6 407.0 332.3 352.2 378.1 416.6 464.3 467.6 489.0 464.2 480.8 490.4 508.7 519.6 529.1 540.9 560.7 551.5 506.2 478.4 447.4 489.8 504.9 510.5 531.9 544.6 545.8 490.9 438.6 388.8 352.9 348.0 323.7 307.0 282.1 294.6 285.6 257.0 238.2 215.0 198.3 185.8 162.7 177.0 176.1 174.0 162.5 154.4 137.5 120.9 124.4 123.8 118.8 111.2 108.7 104.4 101.4 90.3 76.5 68.3 62.0 56.7 55.7 46.8 39.7 37.5 35.7 34.7 32.6 29.5 27.0 25.1 21.9 15.9 12.3 0.9 0.9 0.6 0.0 0.3
483.9 470.7 441.5 435.6 408.9 400.8 396.9 432.1 467.5 479.8 494.1 493.0 502.6 503.0 531.8 541.0 551.9 565.5 565.1 565.1 548.8 538.2 526.5 540.4 550.4 543.0 560.1 560.0 565.8 506.9 434.7 396.3 333.9 342.3 325.0 300.7 285.5 284.4 265.9 256.6 227.1 214.2 191.9 167.4 170.6 184.8 191.7 186.1 173.6 161.7 141.0 128.1 133.5 132.5 130.3 119.8 113.6 116.8 105.8 96.0 85.7 75.4 73.2 68.8 62.6 58.5 57.3 50.5 48.3 45.0 36.7 30.6 27.0 19.9 19.2 17.7 14.1 5.5 1.6 0.8 0.0 0.4
492.7 484.9 487.8 479.7 441.3 426.2 431.4 451.6 479.7 493.8 530.5 525.0 523.0 541.6 556.8 584.2 589.8 595.0 596.5 591.3 574.5 568.5 574.2 547.9 571.3 588.7 579.8 567.8 558.1 513.5 461.3 427.1 379.6 344.6 329.0 281.7 285.3 279.9 268.0 251.7 236.4 229.0 218.7 200.0 193.4 201.7 203.9 194.0 188.1 166.3 147.2 149.3 151.5 143.3 138.3 129.5 122.8 119.5 109.1 98.5 90.3 79.9 78.9 77.0 70.4 64.9 64.5 57.2 50.4 47.7 43.3 34.8 31.2 24.3 17.5 20.6 17.2 11.3 2.3 0.0 0.0 0.3
511.6 513.8 520.4 498.7 479.8 463.7 459.1 479.9 498.3 499.3 516.4 540.8 562.1 578.0 605.6 606.7 614.2 618.6 616.9 605.4 608.3 594.8 593.6 587.0 592.3 603.6 600.0 597.9 573.6 518.5 466.6 446.7 401.7 364.4 335.5 304.3 297.4 294.3 291.3 279.6 267.4 257.3 261.2 249.9 252.1 227.5 216.9 213.0 215.8 191.6 160.7 156.7 162.0 160.1 158.6 137.6 126.2 112.7 103.1 97.1 90.1 78.3 75.6 74.1 72.0 71.3 67.8 62.4 53.8 50.7 46.1 40.4 35.9 37.6 28.9 24.4 21.0 14.6 6.6 1.0 0.1 0.0
534.2 528.8 542.0 535.8 520.2 489.3 471.5 505.0 512.6 522.2 537.0 560.8 581.6 606.7 621.1 628.0 635.3 637.5 643.6 644.3 645.6 630.0 621.5 619.7 620.2 632.1 622.1 632.3 588.7 543.5 510.6 458.6 412.8 411.9 349.3 308.7 282.6 295.4 310.4 319.6 318.2 287.5 282.1 278.8 258.1 249.1 252.7 249.0 243.7 207.4 181.5 166.3 162.0 159.9 153.9 138.9 125.0 110.9 100.1 94.2 85.3 78.1 74.5 69.4 73.8 75.0 73.0 72.0 68.0 61.9 52.3 43.6 39.3 34.4 35.1 25.3 21.4 14.4 7.6 3.4 0.6 0.3
511.2 528.2 545.3 550.4 556.6 529.7 521.9 518.1 525.4 532.2 559.9 583.7 602.6 616.6 630.4 642.4 647.6 650.8 669.6 681.9 668.4 675.2 660.1 643.2 640.0 640.8 633.9 615.1 591.0 570.6 525.6 467.8 413.6 379.4 349.4 338.8 318.6 326.7 338.2 334.2 340.2 334.3 326.1 335.5 295.1 286.5 288.2 272.1 247.7 220.8 190.8 168.6 162.0 155.3 149.0 139.8 125.0 105.4 95.5 88.1 79.8 77.9 74.6 70.8 77.5 90.6 80.2 77.4 73.0 67.4 61.0 51.7 40.5 30.8 21.9 23.2 19.8 14.5 9.2 2.8 0.5 0.2
492.0 526.7 557.4 551.6 550.4 548.4 548.7 557.3 555.0 565.3 581.0 595.5 606.8 614.0 628.0 641.0 650.8 657.6 691.2 721.8 693.6 679.6 672.0 660.0 657.1 659.3 649.2 637.5 613.2 601.9 559.8 487.4 429.2 391.3 367.6 350.9 369.6 380.6 375.1 362.0 377.5 351.6 340.9 327.9 297.8 301.7 291.5 261.5 241.1 232.2 189.2 164.0 157.2 150.8 139.2 128.6 116.0 101.4 94.0 84.8 79.1 76.3 76.0 74.2 79.6 85.3 81.7 79.5 76.2 68.1 56.0 57.2 43.8 30.4 18.2 18.9 17.8 15.5 15.5 4.5 0.9 0.7
477.3 513.5 542.0 548.6 555.0 560.9 560.2 566.1 585.8 592.1 593.8 599.3 609.2 613.2 625.7 641.2 649.0 662.8 691.6 713.5 708.0 695.6 692.3 681.6 672.1 674.5 661.1 648.4 635.1 612.0 586.2 516.1 470.9 447.6 413.3 399.0 397.6 399.5 390.4 383.2 365.1 327.8 305.5 287.1 268.6 257.8 259.0 247.3 250.3 238.8 196.4 171.1 155.5 136.8 120.3 111.1 109.1 106.2 101.7 91.9 81.8 79.0 77.1 77.9 78.0 82.3 85.4 88.6 91.7 82.7 76.3 59.6 48.1 28.6 15.5 15.3 14.1 11.4 9.1 3.4 1.0 0.8
484.6 498.5 531.2 544.8 570.6 579.5 568.8 571.8 587.2 594.7 597.9 611.5 606.6 619.3 621.1 629.0 640.5 661.1 686.8 696.1 703.8 708.1 724.5 709.4 684.9 678.4 667.7 657.9 645.9 629.6 599.5 547.2 497.5 496.9 466.3 453.2 433.6 401.5 397.5 389.8 361.9 315.1 280.9 254.3 253.3 235.6 227.5 232.5 241.4 224.6 200.4 171.2 142.2 124.1 115.1 105.2 110.9 112.0 108.5 101.9 89.8 84.1 75.9 77.1 77.2 81.6 85.2 93.7 111.7 93.0 82.2 67.2 53.1 26.8 14.1 12.3 6.3 6.3 5.5 2.3 0.3 0.5
494.8 519.9 544.6 544.6 559.4 570.7 562.3 564.8 563.7 570.4 591.7 592.3 593.5 597.4 608.5 628.1 626.5 656.1 675.5 683.9 706.4 709.9 709.3 703.4 693.4 694.6 676.2 668.2 649.9 637.1 620.7 575.6 543.2 504.2 480.2 466.6 441.6 412.4 403.2 384.8 362.9 333.8 274.0 260.7 251.8 214.0 195.3 204.3 234.1 214.5 192.2 163.6 127.2 120.7 107.9 106.4 114.1 116.9 116.4 114.6 97.9 86.8 77.0 76.0 70.2 74.4 83.9 90.8 95.1 91.0 84.9 72.0 57.0 32.8 12.9 8.7 4.6 3.6 2.4 1.1 0.1 0.0
512.7 515.7 530.9 536.1 537.8 540.4 557.5 559.5 545.9 520.8 555.9 558.0 561.8 570.9 590.4 595.7 601.4 634.7 661.4 684.6 694.1 700.0 702.8 701.9 700.5 693.9 681.5 671.0 660.9 642.3 638.6 595.8 558.9 541.7 505.9 482.5 447.4 415.9 406.6 392.0 364.1 346.3 303.7 282.2 266.6 229.2 204.9 185.1 194.8 190.8 176.6 137.9 117.9 107.3 100.4 102.1 111.5 114.6 125.3 117.9 100.6 92.7 86.4 78.0 72.2 73.7 78.3 81.5 84.6 86.7 69.6 67.0 54.5 27.8 11.4 5.1 2.6 0.3 0.4 0.8 0.0 0.0
517.0 502.2 509.0 508.8 520.8 509.0 506.5 514.6 489.8 494.8 497.9 499.7 522.0 525.0 544.9 579.5 575.5 592.8 636.3 668.7 681.1 686.0 695.8 707.1 714.4 715.9 697.2 682.8 668.6 648.5 642.8 615.4 591.9 564.1 524.4 502.8 455.5 422.2 408.5 408.5 372.3 357.9 325.5 297.8 310.7 266.7 211.4 173.4 182.2 153.5 148.4 137.1 117.3 105.6 101.4 95.9 100.5 104.7 119.8 112.8 100.2 97.5 86.0 73.0 70.6 70.1 75.0 80.0 77.2 75.8 64.3 54.6 45.6 23.8 9.4 4.8 1.8 0.5 0.3 0.2 0.0 0.0
457.0 473.6 488.8 492.3 490.1 460.7 435.6 453.4 450.3 434.9 454.3 452.5 448.9 469.0 498.3 525.4 531.2 574.0 613.4 644.0 657.2 671.3 684.4 704.0 716.0 728.7 721.0 696.1 675.7 652.3 642.6 628.8 604.0 567.9 528.3 499.8 453.2 422.3 408.9 391.4 367.2 366.3 324.6 297.0 296.9 275.6 219.1 200.8 185.8 152.9 151.4 139.9 122.9 109.7 102.5 101.0 92.3 85.7 92.4 95.3 93.2 92.3 83.8 61.0 66.1 65.3 66.9 64.6 57.1 57.0 50.0 44.3 36.3 18.9 7.8 5.4 1.3 0.0 0.2 0.0 0.0 0.0
434.3 454.6 486.7 488.8 466.6 440.4 425.8 425.6 414.3 400.1 411.2 412.4 419.1 432.4 462.4 486.0 507.1 557.1 614.5 631.0 651.9 670.2 675.5 703.6 722.7 733.4 728.5 716.4 682.8 670.6 639.8 618.0 606.1 571.6 532.6 488.8 435.5 425.3 405.8 383.5 330.4 311.6 288.5 278.2 263.9 247.7 219.8 212.3 191.0 165.3 153.9 143.5 126.8 114.8 108.2 106.0 98.2 87.8 72.6 86.1 92.8 94.2 85.4 64.0 58.5 57.6 53.5 49.6 34.8 42.9 39.9 36.7 26.6 17.3 11.9 4.8 1.9 0.5 0.0 0.0 0.0 0.2
428.3 448.6 459.6 470.5 450.9 425.2 381.9 361.2 367.3 350.6 351.6 388.9 398.6 406.2 449.1 462.9 525.1 542.8 592.2 632.1 649.8 657.2 676.5 709.8 732.7 740.2 738.9 726.4 689.6 658.2 642.4 606.8 583.3 551.3 533.8 481.3 451.4 423.9 410.5 393.1 345.2 302.8 265.0 262.2 213.4 229.8 216.6 194.7 167.9 152.7 158.3 146.2 132.8 122.2 109.7 107.8 100.1 84.7 80.0 77.1 75.2 84.2 80.0 56.9 53.4 50.5 46.3 45.2 42.5 39.2 37.0 31.7 25.8 22.9 12.1 3.4 1.6 0.3 0.0 0.0 0.5 0.7
417.0 439.4 444.9 430.4 403.7 351.8 308.3 318.0 328.5 313.2 328.2 375.7 404.2 419.6 476.2 496.1 523.2 565.3 599.0 636.1 645.5 651.9 684.6 718.6 739.2 749.1 751.1 740.4 706.7 665.2 654.5 598.3 564.2 537.7 513.9 474.0 441.7 421.0 411.5 398.2 373.7 314.7 268.2 261.1 242.6 235.4 214.5 198.4 181.5 175.5 161.8 150.7 138.6 128.8 108.5 98.5 88.2 76.0 76.9 75.4 63.8 73.2 64.8 55.4 55.2 49.5 45.8 43.0 38.7 36.2 36.4 34.1 22.0 18.3 11.8 4.0 0.8 0.4 0.2 0.8 1.3 1.9
398.1 396.3 388.2 361.0 328.5 285.8 287.2 291.1 299.5 321.2 348.5 370.9 397.5 430.9 474.7 497.5 534.1 598.6 612.3 630.2 640.8 655.7 694.8 723.8 733.3 766.1 759.8 759.3 726.7 681.0 662.5 616.1 548.1 515.0 491.7 462.7 434.5 422.6 411.5 402.4 392.0 332.4 284.9 259.8 250.4 248.0 233.6 218.5 211.8 191.5 164.5 141.6 122.4 119.6 102.0 88.9 85.8 76.8 81.4 89.0 81.2 74.2 66.0 61.6 59.0 55.0 49.1 43.1 39.5 36.7 31.5 29.9 17.3 14.0 10.0 2.6 0.8 0.6 0.5 1.2 2.7 4.6
351.0 345.6 326.9 306.6 288.5 275.1 274.8 275.6 279.1 314.0 339.3 361.5 381.2 418.7 468.1 503.6 541.6 587.2 616.4 626.1 633.1 651.5 704.9 734.1 744.9 759.4 760.7 751.1 733.0 691.7 659.1 627.7 553.3 498.9 474.1 447.3 430.6 423.0 414.5 404.8 373.6 327.7 283.7 264.2 254.5 259.1 246.3 232.6 222.5 199.9 168.3 132.8 113.4 108.9 98.6 88.6 87.9 82.5 86.2 92.3 88.8 78.7 69.4 63.4 59.2 54.8 50.3 43.6 39.9 36.1 29.0 24.7 17.1 8.9 7.6 3.7 2.1 1.1 1.1 2.3 3.0 4.8
322.5 310.3 296.6 288.0 298.6 273.1 263.2 258.0 273.6 302.1 331.6 348.8 377.1 409.9 439.5 500.5 534.7 562.1 591.7 618.2 624.1 655.9 710.4 747.8 757.0 764.9 773.8 763.8 745.2 710.5 678.9 632.2 560.1 497.7 464.2 417.1 424.5 414.0 394.2 384.1 356.8 302.5 269.7 275.4 247.9 245.9 237.0 222.9 208.9 186.4 163.3 126.2 109.8 105.4 105.0 99.6 96.9 92.0 92.0 99.1 101.2 81.3 72.9 66.8 61.9 56.8 50.0 42.4 39.1 30.0 28.2 22.3 16.1 10.4 8.1 6.2 3.4 2.0 2.1 2.9 2.5 1.4
312.9 300.4 282.2 289.6 282.4 266.5 252.6 261.1 284.1 312.8 341.0 359.7 376.0 399.5 454.6 481.6 516.1 536.9 566.8 601.1 614.2 648.2 719.1 752.6 773.2 775.3 771.9 769.8 752.8 710.5 687.8 636.8 574.4 511.1 458.3 443.0 423.2 390.2 342.5 354.8 323.7 266.1 237.7 234.5 227.5 233.2 224.9 215.0 200.0 171.2 144.3 112.7 112.6 108.9 113.5 115.4 113.0 103.0 96.5 103.1 97.5 77.4 73.2 68.7 60.3 55.8 50.6 42.2 37.4 32.2 29.2 23.7 18.4 15.3 11.9 10.6 8.0 5.4 4.3 4.4 3.8 1.5
311.1 298.2 280.4 272.9 262.7 251.2 245.4 261.6 298.4 329.1 344.6 356.3 377.8 411.5 460.1 470.6 505.9 522.0 548.6 599.9 614.0 637.8 708.8 763.6 776.9 779.3 771.6 765.2 736.0 706.8 686.4 629.3 582.0 531.4 462.4 446.6 428.8 397.4 367.1 362.4 318.3 247.9 218.7 228.9 218.9 215.7 215.9 203.7 176.2 154.4 139.5 123.6 119.8 120.8 128.4 128.5 123.0 112.2 93.6 87.5 87.8 78.8 71.6 68.1 61.4 56.0 49.7 43.8 38.9 33.1 29.1 23.3 18.8 16.8 15.4 12.9 9.5 8.4 6.5 4.9 4.8 10.5
288.3 274.7 261.1 245.6 232.1 230.8 237.4 269.7 295.4 336.0 353.3 377.7 400.6 431.9 464.7 473.7 496.1 522.5 544.9 591.0 623.5 644.0 712.9 771.7 803.6 807.3 781.6 755.5 725.3 699.4 680.7 624.1 598.9 548.3 481.9 450.5 424.9 413.0 393.6 379.8 359.4 289.9 258.0 242.2 197.2 192.6 202.5 186.7 161.2 141.3 144.2 132.7 130.6 136.2 137.2 148.4 141.4 119.4 96.6 91.7 85.8 86.1 73.4 65.0 61.9 50.3 50.3 43.1 39.2 34.8 31.3 25.3 20.9 21.2 20.9 16.5 9.6 7.8 6.1 4.2 4.7 6.3
250.1 233.1 222.2 219.6 211.7 217.8 250.2 254.2 308.5 337.2 367.4 419.1 446.1 459.4 473.9 484.5 505.9 520.6 544.9 590.3 619.7 694.6 735.6 785.9 832.8 818.8 797.1 760.3 725.3 702.1 662.6 616.4 571.4 559.9 512.0 475.6 446.8 429.4 407.1 383.5 365.3 313.4 281.3 252.7 226.7 221.9 213.6 203.5 191.7 170.3 159.0 147.1 145.7 147.7 146.3 143.1 135.7 122.3 104.2 92.8 85.6 86.4 80.5 71.5 62.2 57.3 51.9 44.6 38.9 35.0 32.9 26.6 23.5 25.4 25.4 17.7 11.7 7.4 4.4 3.2 2.7 2.3
216.4 200.7 194.1 203.0 203.1 226.9 267.5 283.5 303.1 350.0 408.1 412.3 448.4 473.1 492.4 499.8 509.5 527.5 550.6 586.3 623.3 714.4 745.7 804.4 832.1 833.9 825.9 785.7 749.3 710.7 645.9 622.5 582.6 555.3 534.8 505.7 466.9 438.4 428.3 391.8 345.4 330.8 303.2 275.2 259.0 238.1 214.6 219.3 212.9 203.8 180.5 162.7 158.4 162.5 149.8 141.5 125.1 116.5 111.4 94.3 83.9 80.3 76.1 70.8 61.8 56.7 51.7 45.5 41.6 37.7 35.9 31.3 29.4 28.0 25.1 20.6 14.7 8.1 2.5 1.8 1.0 0.2
196.0 191.8 181.7 200.1 212.7 231.4 283.5 303.9 335.8 361.8 378.7 417.4 463.2 485.5 501.1 502.7 514.5 531.4 558.3 580.1 629.3 675.0 791.4 832.1 850.2 863.0 842.9 801.3 763.3 719.2 662.4 620.6 574.3 553.3 547.6 533.4 499.2 449.3 432.9 387.5 353.4 347.8 351.5 296.9 275.3 241.3 205.3 230.0 224.5 207.9 181.5 171.2 160.3 153.3 146.1 135.7 121.2 116.6 113.3 98.2 88.2 81.4 75.1 70.7 61.2 53.8 48.7 46.7 44.4 38.8 39.4 35.4 33.6 32.0 31.6 22.9 16.6 9.9 2.7 0.8 0.8 0.3
186.7 176.0 183.7 203.4 218.1 241.7 286.5 321.8 358.9 363.3 389.5 435.1 477.4 474.5 490.8 505.9 517.3 537.9 577.3 578.3 627.6 688.7 786.7 847.2 854.7 858.9 840.3 810.4 758.0 721.9 669.2 615.2 571.6 553.7 550.7 541.9 515.2 482.9 423.9 382.2 357.8 358.3 347.6 286.7 280.6 273.1 258.4 243.4 231.8 204.9 179.6 171.4 161.3 153.6 142.8 130.5 127.7 124.5 118.5 104.0 88.1 82.3 80.6 75.9 67.9 53.0 51.6 49.2 47.6 45.6 42.5 39.0 36.3 33.6 32.0 28.0 17.3 11.1 2.1 1.1 1.1 0.3
186.7 182.4 198.8 219.6 248.0 283.3 300.9 323.5 340.2 366.7 401.2 429.8 457.0 469.1 478.9 506.0 524.5 534.1 567.6 582.5 621.2 695.9 775.4 834.3 865.3 887.0 846.6 812.1 764.3 711.0 663.2 627.1 584.0 559.7 547.1 528.7 508.8 479.6 426.0 388.1 366.8 359.0 347.8 316.5 298.8 310.4 265.3 255.2 239.7 207.2 185.8 169.3 165.1 157.5 149.6 138.0 133.8 138.8 135.7 117.9 97.7 81.7 82.8 80.9 81.3 67.3 56.9 52.8 51.2 52.3 46.2 42.4 38.2 36.8 34.7 28.1 19.0 9.5 2.1 1.9 2.3 0.6
186.2 191.3 202.0 230.4 256.5 292.6 317.5 333.1 332.1 357.4 399.9 416.2 450.9 469.8 481.0 497.3 520.5 535.7 570.7 600.6 621.5 669.6 742.3 810.9 837.5 847.8 834.4 805.8 742.8 690.8 663.9 626.7 580.9 564.7 553.1 519.0 498.0 464.9 419.4 401.1 376.5 378.5 364.1 339.7 311.1 288.4 268.6 265.4 242.5 210.0 185.3 170.9 165.4 160.2 151.3 151.9 150.6 157.9 163.1 129.8 115.8 93.8 90.4 85.5 70.1 68.0 62.0 54.8 57.5 58.4 54.8 46.2 40.2 37.0 32.0 25.5 18.5 10.9 6.4 5.5 5.2 3.2
185.5 196.7 210.0 224.4 250.0 282.6 308.4 317.2 318.1 334.0 363.3 391.7 422.7 458.3 469.6 470.8 510.8 534.5 557.1 595.5 624.5 665.6 717.0 774.5 807.0 816.6 800.0 773.1 735.9 699.5 655.8 626.0 577.9 555.6 538.4 502.9 477.2 442.2 411.1 403.6 382.1 391.0 376.0 370.8 315.3 285.4 267.4 252.6 215.7 208.6 184.8 176.2 162.0 161.3 162.4 166.2 163.4 164.9 161.2 144.4 134.9 115.2 101.2 89.0 75.1 74.0 69.5 62.6 60.7 56.7 54.2 46.9 40.9 35.2 27.0 21.8 17.0 13.6 9.2 9.0 8.7 6.7
179.7 200.5 212.3 225.2 246.9 274.9 300.6 298.6 299.2 307.3 329.1 346.9 383.0 420.1 446.6 472.1 500.0 524.2 551.5 581.2 618.0 653.5 696.6 720.1 771.8 791.6 787.3 791.3 746.5 696.4 671.5 627.4 581.8 553.5 530.4 484.0 457.2 439.4 414.0 394.0 370.1 373.5 371.4 359.0 314.6 273.3 247.1 254.2 241.6 213.4 193.9 178.9 173.9 170.0 174.4 189.7 174.2 176.1 183.6 173.5 156.4 130.4 112.3 99.4 80.2 81.6 75.3 69.3 65.1 56.2 49.6 40.6 34.7 29.1 22.5 18.3 16.9 15.9 14.6 13.9 12.4 9.3
211.0 208.1 213.4 227.7 243.0 261.0 276.7 287.6 289.1 302.2 313.4 343.7 363.3 388.3 408.0 445.2 483.1 523.8 538.7 579.0 597.2 642.9 684.3 683.5 717.5 763.7 787.1 771.9 737.4 699.4 669.7 635.1 603.5 565.8 532.5 494.8 445.9 438.2 405.7 366.7 363.0 362.4 343.1 315.1 296.8 284.0 280.8 262.3 257.9 222.1 196.9 184.1 179.2 176.1 174.0 175.6 171.3 180.5 202.4 182.7 185.3 155.7 131.8 106.0 90.5 84.1 75.8 76.5 72.6 54.1 51.9 26.9 29.3 25.0 21.0 18.0 17.5 18.3 17.8 15.9 15.0 11.7
198.2 204.8 223.5 225.7 239.3 245.0 260.8 272.2 284.8 295.7 309.8 326.9 347.5 383.9 410.0 443.3 470.9 508.3 546.5 578.6 599.9 617.5 646.8 671.2 687.2 726.5 749.0 744.1 717.9 692.5 678.9 626.1 618.9 568.5 544.5 506.9 463.5 444.4 417.3 378.1 378.1 367.8 351.6 333.8 316.8 307.4 315.7 310.4 277.6 237.8 207.7 191.5 177.5 179.5 170.8 143.9 144.6 167.0 186.4 183.5 177.9 161.2 144.7 105.2 88.4 86.4 78.3 70.6 58.7 52.4 48.2 37.7 30.0 23.9 21.1 18.9 18.3 17.8 18.5 15.9 15.9 11.6
174.8 183.6 190.3 201.6 219.3 223.4 250.7 260.5 276.3 286.0 299.6 317.2 334.3 367.9 396.5 430.6 461.3 500.1 541.0 572.2 569.4 604.3 633.0 655.7 662.1 690.6 713.8 718.9 709.6 698.0 681.0 652.0 630.2 589.4 551.0 514.9 466.0 433.8 445.9 434.2 415.5 391.8 383.4 393.6 363.8 337.5 335.7 330.3 295.0 253.5 223.2 201.4 198.0 186.3 172.5 141.4 123.4 140.0 161.0 162.2 152.6 138.2 112.5 102.3 80.0 77.8 75.7 66.1 46.8 47.0 40.8 32.8 28.1 28.2 23.1 19.4 17.7 13.4 13.7 13.5 11.4 10.5
154.5 159.2 163.9 189.6 205.4 221.0 243.6 249.3 263.4 279.2 284.1 295.7 311.7 343.3 375.9 402.3 441.1 493.5 528.8 561.1 579.5 598.8 615.2 640.4 644.3 669.0 698.3 709.3 707.1 707.6 678.4 656.4 621.9 597.8 539.0 520.4 486.3 468.7 477.1 475.6 452.4 429.2 409.6 411.9 393.1 368.0 340.6 334.9 311.8 274.5 247.3 228.1 254.0 213.4 184.8 161.2 134.0 131.7 139.2 121.9 112.5 107.2 90.1 90.9 81.0 70.2 61.1 60.1 52.5 38.1 31.7 33.1 32.6 33.2 28.6 20.4 15.9 7.5 9.3 10.3 7.1 1.5
