code_hw01/idw.asc
NCOLS 258
NROWS 288
XLLCORNER 587311.826320024
YLLCORNER 137646.940111098
CELLSIZE 400.0
NODATA_VALUE -9999
[rows 99 to 131 of 288, columns 148 to 221 of 258]
642.4 625.7 614.4 635.0 653.1 660.8 677.4 693.6 706.0 712.3 719.3 724.8 725.8 725.0 725.0 722.0 713.2 714.3 717.0 711.1 705.3 698.9 692.8 684.0 676.9 661.9 645.0 625.4 608.2 593.9 584.0 574.1 564.1 550.7 536.9 530.5 522.2 515.9 513.6 512.6 497.1 488.8 479.7 473.6 468.3 460.1 451.6 452.1 453.3 455.8 456.0 457.2 459.7 466.5 473.3 479.2 480.0 479.1 478.9 481.5 485.8 493.5 507.9 520.0 533.2 565.4 575.5 581.8 594.0 625.3 644.5 655.8 688.4 701.5
656.4 637.9 632.0 645.8 664.0 676.4 690.5 702.9 711.5 716.8 717.6 726.5 728.3 729.9 734.9 740.6 742.0 738.6 729.4 721.6 707.5 699.7 696.2 691.5 682.9 666.5 647.0 629.0 610.3 587.1 575.9 566.5 557.4 541.0 527.2 521.1 516.1 515.9 516.2 514.0 507.1 496.1 481.0 476.8 475.3 474.3 468.9 463.7 460.9 460.2 455.2 455.4 459.5 470.8 487.6 497.3 494.2 486.9 482.0 481.5 483.0 486.1 490.6 501.5 529.1 553.8 564.8 572.4 602.1 617.8 637.7 652.6 678.0 703.2
671.0 663.3 658.0 666.8 679.8 691.2 701.2 708.2 713.9 717.0 715.4 722.0 729.2 735.9 747.2 765.0 776.5 766.7 744.6 728.3 712.9 699.5 697.1 697.0 690.2 674.7 651.8 624.6 597.8 569.5 559.0 554.9 545.4 532.5 515.6 506.5 507.9 513.4 516.4 515.5 505.2 497.7 490.8 479.2 478.4 479.8 476.5 469.9 464.9 460.0 455.1 450.2 450.3 468.0 499.2 513.5 504.1 491.8 483.4 480.0 479.4 479.1 480.7 483.0 512.9 539.7 547.0 559.8 589.6 605.7 620.5 646.2 668.7 699.7
685.2 683.3 683.6 683.7 693.0 702.1 709.7 709.2 706.7 713.9 722.1 728.5 736.1 744.3 758.0 782.6 799.5 784.8 756.1 732.6 715.6 701.1 697.2 696.5 693.2 683.7 656.2 620.6 580.6 544.6 536.9 542.2 546.8 535.7 512.1 501.8 507.3 514.9 520.4 518.4 509.8 502.3 495.4 488.4 479.2 478.9 477.1 472.6 466.3 460.1 450.9 440.3 436.8 456.3 492.8 509.4 501.7 489.4 480.3 476.6 474.8 473.1 471.7 472.7 499.9 520.3 529.0 553.1 566.8 584.0 604.3 634.0 672.7 709.8
697.5 694.5 692.9 689.7 695.7 707.9 715.6 703.1 672.7 694.1 728.2 741.3 747.9 753.2 764.2 779.4 790.3 782.0 756.3 733.8 717.0 706.1 696.2 696.4 696.2 685.7 659.7 613.6 553.8 503.5 500.6 528.7 544.2 542.6 529.4 517.2 515.9 520.6 525.8 524.7 518.1 512.0 502.5 494.2 487.4 480.0 477.6 473.9 467.6 460.9 451.4 441.1 437.9 453.4 476.1 490.3 489.3 482.5 476.5 472.2 468.3 465.4 464.3 482.3 487.5 496.5 512.3 534.1 545.1 561.8 583.0 614.8 663.4 727.8
707.6 702.4 694.4 682.0 681.3 707.2 727.5 715.7 650.2 696.1 749.3 762.4 762.8 763.7 767.4 771.8 775.8 771.8 753.7 734.7 719.7 714.8 701.3 695.5 693.0 682.8 653.9 607.1 541.5 488.6 487.2 524.4 557.1 565.6 550.5 546.0 543.6 535.8 534.9 534.8 527.4 520.7 518.7 510.6 504.1 489.3 486.9 482.4 477.1 469.5 461.5 451.1 450.2 458.3 467.3 474.6 477.5 474.5 470.4 466.0 461.9 458.2 454.8 468.0 469.9 479.3 497.7 518.2 524.3 536.0 556.6 584.5 643.2 746.4
709.8 705.0 697.1 681.3 677.1 714.9 749.8 765.9 783.3 780.7 796.2 791.6 781.1 777.0 771.9 771.4 769.1 766.3 751.8 743.3 732.1 721.9 705.6 697.8 690.4 679.3 656.5 616.3 565.4 523.3 520.7 549.0 575.1 591.6 591.4 584.7 569.1 569.9 554.6 552.7 545.4 540.5 535.0 528.9 519.4 513.4 494.8 490.3 485.5 477.6 471.3 466.7 464.6 463.6 467.9 467.1 467.4 467.4 463.6 461.0 456.9 452.4 448.1 452.1 451.5 464.1 490.0 504.1 501.3 510.8 530.9 540.9 607.0 737.9
708.4 705.6 703.8 701.6 708.2 742.0 777.6 796.7 803.2 833.2 837.9 821.4 798.6 785.8 780.7 774.6 773.4 771.6 757.4 757.5 744.6 730.9 711.8 708.0 696.8 686.7 665.9 639.5 603.7 580.5 578.0 591.0 613.7 629.5 631.5 628.7 642.7 602.1 598.0 579.5 568.0 559.9 559.8 553.0 544.2 529.7 511.8 505.0 492.8 486.3 480.9 477.3 473.6 473.4 468.5 463.8 462.5 458.9 458.7 456.4 452.5 448.3 443.1 440.7 436.5 451.8 481.9 495.9 489.9 497.4 519.2 513.6 586.4 699.8
699.3 696.4 702.9 715.3 736.6 769.9 805.3 830.2 837.3 907.3 879.4 841.4 814.8 797.3 791.4 784.4 777.2 772.6 762.6 762.1 754.1 751.0 724.8 720.8 710.6 700.7 689.9 672.6 647.4 636.1 636.7 664.3 697.0 713.6 726.4 732.8 732.1 723.4 706.3 705.8 685.1 606.9 578.7 573.9 560.5 551.0 540.0 518.0 505.2 494.9 489.1 484.1 480.7 477.7 475.0 466.1 459.0 454.7 450.7 450.0 449.6 445.4 440.7 439.7 438.0 450.1 478.3 496.3 500.4 511.9 529.4 541.7 600.5 659.8
679.2 670.4 685.3 718.5 746.7 779.0 810.7 830.8 843.3 889.9 880.2 846.3 824.8 806.8 797.0 784.6 783.0 776.8 770.6 767.1 765.5 762.7 749.9 745.4 735.7 724.4 720.2 710.6 700.0 691.8 708.5 733.4 757.3 771.6 778.4 775.3 773.1 765.8 753.7 729.5 703.4 669.1 658.5 632.6 583.4 570.4 558.3 530.3 516.9 505.9 496.9 489.6 486.5 483.9 479.0 473.1 457.3 452.9 448.7 447.2 445.0 441.8 438.2 435.4 438.2 451.9 478.1 497.0 510.6 524.0 544.3 564.9 611.1 645.1
657.0 637.2 654.2 703.3 744.8 782.1 806.1 822.3 834.9 849.3 849.9 833.9 816.9 800.7 795.7 792.4 791.9 783.7 788.1 772.1 776.3 773.2 763.5 764.8 766.7 756.3 759.4 757.7 768.2 780.5 794.8 790.5 791.1 791.6 790.7 794.8 791.7 790.0 781.8 760.9 739.4 693.2 660.5 642.6 639.5 597.6 583.5 555.0 538.1 509.3 499.3 492.9 491.6 489.2 482.1 472.7 460.6 449.6 444.7 443.2 442.7 442.0 439.5 437.2 442.6 453.8 470.1 499.3 516.0 529.8 546.4 566.3 609.3 633.8
657.8 630.0 645.0 698.4 748.9 780.7 802.3 816.3 828.1 835.3 831.6 819.4 802.9 787.3 782.2 787.0 793.6 796.5 799.3 786.8 785.5 785.7 779.2 783.2 787.9 795.2 793.9 811.3 826.2 838.9 834.1 821.4 810.9 795.4 787.6 796.0 811.8 811.8 807.5 784.8 742.7 698.0 651.0 628.1 631.1 643.4 614.1 567.2 544.0 525.5 510.3 494.3 493.8 493.0 482.7 470.3 457.6 449.7 440.1 437.8 439.3 441.4 441.5 442.7 451.8 460.0 472.7 501.7 515.8 530.1 543.5 556.1 586.8 599.3
690.6 667.4 679.3 727.6 763.6 792.6 812.2 823.0 829.4 830.0 821.8 807.1 782.2 756.7 759.2 776.9 794.2 808.4 812.4 821.1 796.2 793.5 790.6 797.6 806.9 819.8 845.7 857.4 874.3 875.1 869.2 853.2 833.6 810.6 800.0 811.3 834.3 849.2 835.5 813.4 778.5 708.2 652.8 622.5 631.5 654.0 651.9 588.1 566.2 534.2 514.4 500.2 491.6 488.2 475.1 463.0 453.5 446.9 437.2 434.0 436.8 440.9 442.6 444.6 458.1 463.8 473.7 499.4 512.3 521.2 528.8 533.0 545.5 541.5
731.1 720.5 737.3 758.8 787.1 808.2 822.8 831.8 836.8 831.6 823.1 803.8 767.7 721.1 728.4 769.5 797.1 812.0 823.1 823.2 826.1 798.5 804.1 812.9 822.8 839.8 867.1 895.6 903.4 907.2 903.2 883.8 868.0 853.3 846.3 855.1 875.1 888.0 884.6 861.2 814.1 748.9 689.7 657.5 658.2 672.8 672.1 640.6 579.2 553.6 529.6 509.5 489.9 472.9 457.2 449.8 448.3 445.9 438.7 436.1 438.3 441.3 441.6 442.7 447.2 464.6 471.3 496.1 506.2 512.4 514.6 507.4 499.2 470.9
772.6 772.9 780.8 792.9 812.2 828.0 840.0 847.8 850.8 843.8 834.2 814.8 780.9 737.5 742.6 779.9 805.4 822.1 827.9 823.9 825.9 826.4 809.4 820.6 835.9 860.1 884.1 902.7 926.8 934.2 921.9 913.0 906.4 905.9 904.1 916.9 932.8 941.0 947.7 918.0 874.0 816.6 752.8 714.6 704.1 697.0 686.6 664.0 632.0 572.8 543.5 515.3 492.2 464.8 441.4 437.4 443.6 446.4 444.4 440.3 439.4 441.1 441.5 441.8 445.8 447.0 466.8 474.4 498.0 504.8 504.0 492.6 475.2 438.5
812.2 810.0 803.4 819.0 836.5 847.6 858.3 866.0 868.3 863.8 851.5 833.2 815.9 800.2 796.3 807.7 821.3 829.6 831.6 828.0 822.2 826.4 848.9 851.8 866.4 885.1 896.4 891.8 926.6 938.4 934.4 943.0 948.8 957.0 965.5 984.6 1000.1 1018.0 1014.6 984.8 940.7 873.2 817.4 767.0 737.4 710.4 696.6 682.8 652.3 590.4 557.3 523.9 496.3 468.7 445.9 438.8 443.4 447.0 446.7 442.1 441.3 440.1 439.9 439.2 440.8 444.8 448.1 469.1 476.0 496.5 495.9 488.4 470.9 459.5
828.5 833.1 834.4 841.2 852.3 868.3 879.0 885.4 889.1 885.1 870.5 846.2 822.5 823.3 829.2 833.7 833.8 834.7 829.9 823.3 829.8 835.8 845.8 858.5 874.2 892.4 895.2 885.2 907.8 933.7 949.1 972.3 979.6 1012.8 1035.2 1062.0 1091.1 1088.6 1074.0 1041.0 995.0 923.7 862.3 797.0 746.6 700.9 682.5 685.6 669.1 629.1 575.0 537.3 507.2 480.9 463.2 450.9 448.1 449.6 449.3 443.3 442.5 439.9 436.9 435.7 437.2 442.5 446.4 449.2 471.9 490.8 491.2 488.7 479.7 489.7
837.7 846.4 845.2 857.2 873.8 887.3 900.0 909.3 915.5 916.9 903.2 868.6 828.1 832.2 844.5 846.1 843.5 836.5 835.8 820.8 808.4 814.8 838.2 857.2 896.7 916.0 920.2 911.4 925.9 949.2 974.8 1017.7 1043.7 1080.5 1106.1 1133.5 1146.9 1151.7 1138.1 1096.1 1044.3 978.9 898.1 822.6 753.7 698.4 676.4 684.6 681.5 655.6 586.8 547.9 516.0 493.0 476.8 466.7 451.7 452.0 451.5 445.6 443.1 440.4 435.9 434.1 436.3 439.8 445.5 448.4 450.5 469.8 486.7 485.3 483.6 499.7
851.1 860.6 860.3 873.0 882.1 901.4 922.5 940.0 948.3 953.3 949.9 919.9 883.9 868.0 858.5 847.2 846.0 847.9 826.3 809.4 789.8 799.5 845.0 881.3 916.5 943.5 948.1 951.2 965.4 999.2 1030.0 1066.0 1104.9 1133.8 1140.8 1163.7 1183.0 1197.2 1188.7 1150.6 1093.2 1011.6 937.1 843.1 779.6 726.5 701.6 700.8 692.1 659.9 591.0 549.6 520.5 498.4 480.2 465.8 456.8 453.1 454.0 448.7 445.6 441.9 438.0 436.4 440.4 445.6 449.3 452.1 457.1 458.1 456.1 487.8 484.6 481.6
856.9 865.2 872.0 881.9 895.3 913.3 938.4 962.3 971.8 979.7 989.5 972.2 938.2 902.1 868.8 844.8 848.8 848.6 823.9 799.7 806.4 819.6 858.0 899.9 938.4 984.0 996.2 1016.2 1033.5 1044.4 1071.0 1101.7 1134.2 1167.5 1170.3 1175.9 1181.9 1230.8 1234.0 1187.8 1119.6 1027.5 950.9 875.2 819.7 776.8 747.4 730.2 713.9 670.5 593.5 555.2 523.9 496.8 471.9 455.2 450.2 456.3 458.0 453.5 449.5 445.4 446.4 444.1 444.9 447.1 450.1 451.9 454.3 458.9 457.3 469.0 465.6 471.8
857.8 863.3 874.7 883.1 894.7 910.3 938.7 975.9 983.5 985.7 1001.4 1024.6 988.8 934.7 891.0 871.0 865.4 865.1 840.6 820.5 833.6 857.2 890.6 931.0 978.7 1029.6 1054.3 1067.2 1086.4 1101.1 1112.4 1135.0 1158.5 1183.6 1176.2 1183.3 1187.9 1280.6 1272.4 1207.0 1119.0 1026.5 945.9 895.8 849.8 820.0 788.0 759.7 732.9 682.5 601.1 560.6 527.0 498.3 470.8 446.6 435.3 463.1 465.9 459.1 453.6 455.0 451.4 449.7 450.1 451.1 452.6 453.2 453.4 469.0 468.1 468.7 464.2 456.9
861.6 867.8 878.6 888.8 892.3 897.7 923.2 956.1 971.5 991.4 1051.0 1095.8 1024.0 957.7 915.0 907.9 897.8 890.5 882.9 872.7 880.9 904.1 939.8 981.0 1037.4 1096.7 1120.3 1123.6 1141.7 1149.9 1167.1 1177.9 1180.8 1198.8 1197.8 1194.1 1213.3 1245.1 1240.3 1182.8 1094.0 1001.6 924.3 878.0 866.3 841.2 807.0 781.2 742.0 694.2 618.4 575.5 534.8 503.9 477.1 458.5 460.5 484.0 474.9 466.8 465.8 457.6 455.4 454.2 453.7 453.9 454.2 454.0 466.6 468.5 468.8 467.0 462.1 454.8
856.3 864.5 875.2 886.1 887.3 885.1 914.3 938.7 958.3 982.0 1022.5 1044.0 1005.9 960.5 946.4 930.9 922.8 918.9 921.1 921.0 932.6 959.0 998.3 1053.9 1110.2 1168.5 1190.5 1200.4 1200.9 1200.3 1210.2 1211.7 1214.1 1217.0 1209.0 1204.5 1212.9 1200.9 1183.0 1137.2 1054.3 977.2 908.7 872.3 865.8 850.6 818.8 787.1 745.8 697.3 627.6 587.4 543.4 512.2 489.7 476.2 475.2 478.6 476.1 470.7 468.2 466.6 458.5 458.0 456.5 456.2 454.7 461.7 461.8 465.4 468.7 468.0 469.9 458.5
849.5 860.7 868.7 882.4 893.5 904.9 933.8 940.9 945.8 964.5 985.7 996.8 984.9 973.5 968.9 949.2 941.2 938.3 940.4 954.1 976.7 1015.1 1076.2 1137.2 1213.8 1259.2 1276.7 1275.5 1278.5 1267.5 1271.0 1263.3 1257.5 1249.1 1225.3 1222.3 1195.0 1153.9 1137.3 1088.1 1026.1 959.6 904.8 873.2 855.5 836.8 817.2 790.1 750.7 691.1 628.4 594.7 560.0 522.8 502.6 489.5 482.9 474.6 476.8 470.8 469.6 468.5 466.3 464.5 458.2 456.5 460.7 453.0 451.4 460.6 468.4 476.7 469.4 449.8
848.4 857.6 866.5 879.8 896.9 926.1 960.6 950.4 941.7 954.3 963.5 971.0 968.3 984.8 977.9 970.0 953.8 934.5 936.6 968.8 1024.3 1082.7 1155.3 1257.2 1332.4 1373.0 1380.9 1372.3 1342.8 1318.0 1313.3 1317.8 1307.6 1296.0 1264.2 1231.4 1186.4 1143.9 1097.2 1052.9 991.0 929.1 886.0 857.5 835.1 827.5 829.3 799.4 746.7 687.1 631.9 595.7 569.7 536.0 516.0 501.7 490.2 475.4 477.4 470.6 470.3 469.7 466.9 464.7 460.7 462.7 459.1 445.6 440.2 458.5 468.3 476.5 475.1 455.8
834.7 844.7 843.4 865.9 898.3 925.6 942.2 937.0 931.5 937.7 950.2 956.7 971.5 990.1 989.4 985.5 975.7 957.0 965.0 1001.2 1064.3 1151.6 1249.0 1365.8 1466.5 1516.8 1493.5 1454.6 1400.0 1361.7 1350.2 1370.7 1341.8 1333.9 1261.2 1217.8 1186.1 1134.9 1072.5 1022.7 959.8 910.6 870.2 841.4 825.0 820.0 818.3 781.3 730.1 652.3 615.7 592.2 568.1 546.6 524.6 509.3 482.5 479.9 475.3 468.4 470.6 471.1 468.4 461.9 454.4 455.6 462.2 456.6 454.1 466.5 465.3 472.0 485.9 496.5
834.9 846.5 837.8 873.4 904.9 918.6 920.7 911.9 900.0 913.6 940.6 962.6 984.3 1010.6 1015.4 1017.4 1017.5 1013.5 1026.4 1070.8 1127.0 1226.2 1332.1 1464.1 1589.7 1673.0 1626.5 1515.1 1434.7 1390.1 1410.7 1395.3 1390.0 1324.8 1299.4 1284.2 1219.5 1158.4 1062.0 999.1 928.8 879.3 840.0 811.9 795.2 781.9 763.4 714.1 663.1 617.0 599.7 622.9 617.9 597.5 583.3 552.9 517.6 496.8 480.8 479.6 468.7 472.4 469.7 461.4 450.9 449.2 467.9 484.5 488.0 488.0 474.9 487.8 519.1 539.1
867.7 872.0 881.5 911.0 917.0 917.8 911.3 873.0 844.8 885.4 932.3 966.5 993.6 1025.5 1034.3 1042.0 1052.7 1062.9 1085.3 1130.2 1207.2 1293.1 1386.8 1506.5 1649.4 1752.7 1678.7 1512.7 1428.3 1407.3 1416.7 1424.8 1427.8 1369.3 1378.5 1365.5 1281.3 1185.3 1071.2 961.6 880.4 828.5 789.4 760.6 737.5 715.8 666.0 609.2 573.8 599.2 609.2 621.8 624.2 616.6 597.7 573.3 525.3 482.7 454.0 462.0 487.7 503.6 474.2 468.4 467.4 469.2 495.1 521.0 533.6 543.0 529.4 539.4 569.3 600.0
890.7 904.4 913.1 919.4 921.3 925.0 911.5 862.4 827.2 877.3 942.4 987.0 1017.3 1043.1 1051.1 1059.4 1078.7 1096.0 1133.8 1189.6 1256.5 1345.7 1424.9 1500.6 1600.0 1659.2 1579.8 1429.2 1393.2 1410.1 1433.7 1443.8 1380.4 1416.1 1451.9 1449.3 1348.5 1193.9 1044.7 938.5 858.0 770.5 730.5 700.7 673.9 642.1 568.8 527.2 514.1 546.7 583.8 611.5 630.1 626.5 620.2 589.7 544.7 490.7 455.2 464.5 494.7 514.9 525.7 489.9 498.0 508.9 538.9 577.8 616.6 614.6 598.1 603.1 630.1 668.3
946.2 953.1 942.9 937.8 938.5 939.2 929.5 907.6 891.2 920.8 974.2 1019.1 1040.6 1066.2 1061.1 1059.9 1085.0 1119.4 1167.9 1222.7 1293.2 1388.1 1454.3 1495.0 1517.7 1531.3 1471.5 1379.4 1362.3 1397.0 1424.1 1390.3 1379.8 1423.5 1475.8 1472.1 1353.7 1184.7 997.6 878.1 791.3 714.1 672.3 644.2 620.3 563.3 513.7 453.6 453.5 505.8 563.7 611.2 644.4 661.8 645.0 630.3 592.1 539.2 502.0 502.9 524.0 545.2 550.0 555.1 527.5 548.1 595.1 648.0 676.1 669.6 654.5 666.7 701.3 756.3
1012.3 996.0 974.3 966.4 965.3 962.8 962.4 958.1 960.8 989.0 1022.2 1062.5 1082.5 1079.6 1052.9 1043.3 1083.0 1131.5 1185.2 1243.2 1322.6 1421.8 1485.7 1511.1 1500.2 1488.8 1458.3 1402.9 1388.7 1413.3 1430.3 1358.8 1363.6 1379.0 1410.0 1382.0 1257.5 1098.7 936.7 809.6 724.3 649.2 608.5 576.8 553.0 545.6 504.0 450.4 455.7 513.9 581.7 634.2 674.7 689.0 690.6 680.4 661.5 616.9 575.4 562.1 576.8 582.9 584.2 594.8 613.2 593.5 648.7 669.5 680.7 684.4 696.0 729.5 769.6 830.8
1008.3 1016.5 1010.3 998.3 996.6 995.4 995.8 1001.1 1016.6 1051.1 1085.9 1120.0 1134.9 1112.2 1080.3 1068.1 1108.4 1161.5 1219.0 1284.1 1363.0 1430.4 1485.7 1507.9 1500.3 1478.8 1451.6 1427.0 1431.1 1435.9 1418.2 1328.3 1312.4 1298.1 1304.0 1255.1 1127.2 982.5 857.9 754.0 643.9 578.2 531.6 517.5 507.5 533.8 533.2 502.5 511.0 555.6 607.4 660.6 693.9 714.4 706.0 702.9 703.4 688.5 661.1 650.7 630.4 625.0 627.0 669.3 668.8 694.4 673.4 694.3 700.4 708.9 736.1 774.9 821.9 875.5
1076.1 1104.4 1069.2 1040.5 1029.2 1026.4 1029.7 1042.8 1084.3 1120.2 1165.5 1216.6 1213.1 1194.0 1164.7 1153.1 1178.3 1210.6 1253.1 1299.8 1368.1 1421.6 1463.1 1482.1 1475.8 1462.1 1445.8 1435.7 1454.6 1425.5 1351.5 1297.6 1275.2 1227.5 1181.0 1130.8 997.9 864.9 758.9 668.0 584.2 526.4 485.6 468.0 489.3 526.2 549.1 545.0 565.5 603.6 653.7 692.7 730.9 731.0 705.6 694.4 717.1 737.1 738.6 716.8 712.8 702.1 707.4 711.3 715.9 755.7 725.3 731.6 745.4 763.1 802.0 834.0 867.3 926.6
