code_hw01/idw.asc
NCOLS 258
NROWS 288
XLLCORNER 587311.826320024
YLLCORNER 137646.940111098
CELLSIZE 400.0
NODATA_VALUE -9999
[rows 66 to 98 of 288, columns 0 to 73 of 258]
888.7 903.1 889.3 903.1 888.0 848.5 816.9 805.3 799.7 791.6 767.5 743.7 709.3 690.2 677.6 665.9 655.2 644.9 621.8 592.6 554.0 522.1 503.1 490.7 483.4 488.3 491.6 489.9 490.1 473.8 467.9 458.0 451.6 436.5 429.8 427.1 433.0 443.1 447.4 453.2 456.3 456.6 459.1 461.1 466.7 469.2 467.1 462.9 461.4 460.2 459.4 456.5 453.5 449.8 448.5 449.4 448.4 445.7 445.4 445.7 447.5 449.0 451.8 456.7 461.1 466.2 469.8 471.4 472.8 476.3 480.1 484.4 484.3 483.2
769.0 827.1 827.4 846.8 803.8 809.1 785.3 781.0 768.3 757.7 732.6 692.0 674.4 657.6 645.9 631.6 621.8 610.0 588.8 564.7 542.2 512.3 478.2 450.4 457.6 471.9 478.7 477.7 471.5 466.0 457.3 451.4 443.1 440.9 434.3 431.9 437.9 446.7 454.0 461.8 466.7 471.5 474.9 483.1 493.0 493.7 488.5 480.4 473.6 468.6 464.4 460.7 456.6 453.1 452.5 451.7 449.7 446.3 445.1 445.4 448.2 451.1 454.7 459.0 465.6 471.7 475.9 476.6 477.0 479.8 486.3 494.1 494.3 488.1
707.8 756.6 768.0 792.1 776.3 746.2 756.6 752.6 740.6 728.1 680.0 651.7 637.5 615.5 596.5 576.8 565.9 560.2 551.5 539.4 519.0 493.0 459.4 434.3 445.8 461.5 464.4 466.7 462.2 450.0 445.5 443.6 442.6 444.2 443.3 443.2 445.3 453.1 461.2 467.7 474.7 482.2 492.8 506.5 519.1 523.2 512.4 495.9 484.2 474.5 468.3 462.7 459.3 456.5 455.0 453.4 451.1 449.4 447.2 447.5 450.0 452.7 456.2 460.9 467.8 475.0 479.4 479.5 479.0 482.8 492.2 503.3 504.3 494.4
662.8 667.0 717.8 742.1 738.2 718.2 719.7 727.6 681.0 673.5 642.8 620.0 599.7 569.5 537.6 510.6 500.6 506.5 513.9 514.6 504.7 487.4 460.2 448.1 449.1 451.0 448.2 446.6 450.0 448.9 445.9 438.7 437.6 444.1 449.8 452.6 458.0 464.0 470.5 475.3 482.5 492.0 505.3 524.5 541.2 544.8 532.1 510.5 494.0 480.4 472.5 466.9 461.7 458.6 458.4 454.9 453.3 452.1 451.9 452.0 452.6 454.3 458.8 463.2 469.1 474.7 478.6 479.5 480.4 484.6 492.9 501.5 502.1 495.6
608.9 608.9 608.9 657.1 655.5 646.1 649.2 666.0 660.7 649.8 625.1 593.2 564.6 532.2 493.1 456.5 448.3 465.4 481.9 493.4 492.8 474.3 463.6 453.1 446.5 443.3 434.9 438.2 444.7 449.4 447.2 439.9 438.8 447.4 456.4 462.0 468.4 474.9 478.6 485.7 490.2 499.1 513.5 530.2 545.4 548.7 535.1 515.5 497.2 483.3 475.0 469.1 464.8 462.6 459.4 457.4 454.8 454.0 453.2 453.2 453.9 456.9 459.9 463.6 467.6 472.3 476.9 478.5 480.3 484.9 489.8 495.1 495.9 492.6
608.9 608.9 608.9 608.9 643.1 616.5 619.4 616.4 628.8 607.2 592.7 579.0 544.1 511.2 474.9 441.8 434.8 442.6 460.5 478.7 473.7 470.6 460.9 447.1 434.4 434.5 428.7 433.8 445.6 452.6 453.2 449.9 449.7 456.7 465.0 473.1 481.0 486.8 487.6 494.1 499.2 503.2 513.9 524.2 535.9 536.8 527.6 510.9 497.7 484.9 475.7 472.0 468.9 465.1 461.1 459.2 457.2 455.4 453.7 453.7 456.0 458.4 461.1 463.6 468.8 472.2 475.1 477.3 480.5 483.7 487.4 492.5 492.5 491.2
608.6 607.8 597.3 583.4 564.0 581.0 576.0 589.1 583.2 572.8 576.9 557.7 530.0 502.3 476.4 454.9 443.5 437.8 455.1 464.5 469.3 467.1 459.2 447.3 432.6 435.7 438.0 443.9 453.4 459.4 461.5 461.6 463.5 470.2 476.5 485.2 492.3 500.4 502.7 508.7 508.1 510.0 512.0 515.9 522.0 520.5 516.6 504.6 493.1 484.5 478.5 474.0 469.9 466.7 464.1 461.6 460.5 456.4 455.7 456.5 458.3 460.1 462.0 465.8 467.7 469.9 473.0 476.7 479.8 483.2 488.4 491.7 492.9 491.1
608.0 605.2 595.1 579.2 551.3 533.4 518.7 564.1 550.8 544.0 540.6 545.8 519.9 497.3 482.4 467.6 457.5 449.6 455.9 463.6 466.0 465.1 456.5 450.8 442.5 445.1 450.9 460.6 467.0 468.4 470.1 472.0 476.3 483.1 490.7 498.5 505.7 512.0 514.9 519.0 518.0 514.5 511.8 508.9 511.7 508.1 506.8 499.8 492.5 484.3 478.7 475.0 471.3 467.5 466.4 464.8 463.3 459.7 459.6 459.6 461.0 461.7 464.5 464.9 465.8 467.8 471.0 474.5 479.9 484.5 492.0 496.2 498.2 500.7
599.1 595.8 584.6 567.7 540.2 513.3 510.4 500.0 499.3 493.7 488.3 514.4 509.9 486.7 469.0 461.1 457.8 456.3 457.6 451.4 451.3 452.5 455.3 452.4 453.3 454.5 464.3 473.5 476.5 475.4 477.1 481.0 486.3 496.0 504.1 514.8 523.3 526.6 528.0 527.4 523.0 519.1 512.5 505.7 501.4 499.4 495.6 491.0 489.9 482.3 476.4 473.8 472.5 470.0 467.6 465.3 464.6 462.5 462.6 461.8 461.9 463.1 464.5 463.0 463.2 466.1 468.9 472.3 481.2 488.9 496.0 500.4 503.3 505.0
581.1 576.5 564.9 548.6 523.7 501.1 486.9 491.4 480.6 487.2 483.5 479.4 474.7 462.5 459.5 456.4 454.6 453.3 450.4 445.9 444.0 446.4 452.6 457.6 458.8 465.8 472.6 476.4 477.6 479.9 484.7 491.0 498.3 508.5 520.4 529.0 536.3 542.1 542.4 538.2 530.7 521.2 511.6 505.7 498.6 493.8 491.6 488.4 484.7 479.5 475.5 473.8 471.6 469.7 467.6 465.9 464.5 464.8 464.4 464.4 464.4 466.3 465.0 461.8 461.5 464.7 464.6 469.4 479.4 491.4 501.3 507.9 510.3 516.4
555.7 549.8 538.6 524.3 509.7 491.1 476.5 468.3 459.3 470.9 467.9 476.0 473.1 462.1 460.8 458.5 456.0 453.5 447.6 437.9 432.4 440.3 449.4 458.7 466.5 474.9 480.9 482.7 483.6 487.6 493.5 500.8 509.2 522.0 530.3 540.1 550.8 556.6 556.9 550.2 539.4 526.1 513.7 505.4 495.4 489.6 487.4 483.3 478.5 477.5 475.3 473.0 471.7 469.9 468.0 465.9 464.6 464.8 465.0 465.3 465.4 467.7 466.8 464.6 464.7 465.1 461.1 466.6 481.4 495.9 508.3 516.0 522.5 525.8
527.6 520.6 510.6 499.1 488.2 475.5 465.8 460.3 454.2 453.5 451.4 449.6 439.7 454.1 460.8 462.0 452.2 451.0 445.2 436.0 431.0 438.7 451.9 463.9 474.4 485.6 493.6 496.5 496.5 498.5 503.9 511.8 522.1 529.7 537.6 550.0 561.7 567.8 567.6 558.8 544.6 529.1 516.1 502.9 492.5 487.7 486.9 478.3 470.6 472.1 473.3 472.0 471.1 470.8 469.6 466.4 465.5 465.7 466.4 466.8 469.4 469.8 469.4 469.4 470.1 471.1 469.6 476.7 491.7 506.6 517.2 525.9 534.1 537.2
501.6 494.3 485.7 477.1 469.6 461.9 455.9 451.6 450.3 449.7 451.5 451.3 443.1 444.2 444.4 448.9 451.6 450.7 448.1 443.9 443.2 449.0 459.6 470.5 482.4 496.2 507.4 509.5 507.6 508.8 514.9 526.2 533.1 538.3 543.3 556.5 570.8 577.8 570.3 561.4 546.4 530.5 515.1 502.5 492.8 487.8 484.9 473.3 464.8 469.2 472.8 471.9 470.4 470.0 470.5 468.9 468.3 468.3 468.8 469.9 472.5 473.5 473.0 473.8 480.2 482.5 486.6 496.6 507.6 516.9 526.3 536.7 545.6 549.5
480.5 473.5 464.6 457.7 453.3 450.0 447.7 444.8 447.0 447.2 447.9 441.9 443.6 445.9 447.6 451.5 456.9 457.6 457.6 457.8 460.5 463.4 469.0 477.7 488.0 501.7 512.6 514.1 512.9 515.4 522.8 536.4 546.8 546.4 545.5 555.9 571.3 579.2 569.5 556.2 543.6 526.6 512.9 501.9 494.1 487.9 483.2 475.7 470.4 472.6 473.7 472.0 469.5 469.2 470.6 470.8 471.5 471.1 471.2 471.7 475.5 476.8 477.7 486.1 488.5 493.2 501.8 512.4 519.1 522.5 534.8 551.3 558.6 558.4
463.1 456.1 451.1 447.1 444.2 442.5 441.2 442.2 442.7 443.7 445.4 441.5 443.6 446.7 449.2 455.6 460.6 465.2 468.3 472.9 476.9 475.8 476.6 481.7 491.2 502.5 510.1 514.1 517.3 517.5 524.7 541.5 553.9 549.8 544.9 550.6 558.1 562.2 556.4 547.0 534.2 519.4 508.4 500.0 494.0 488.1 484.3 480.2 477.6 477.6 475.0 473.6 471.0 470.7 472.2 473.3 474.7 475.0 474.4 474.8 478.9 480.8 484.2 491.5 495.4 504.1 512.5 519.1 520.9 524.3 541.4 564.2 572.2 564.2
451.3 446.9 442.9 440.0 438.4 437.6 438.4 437.9 439.1 440.5 438.8 441.3 444.1 446.9 449.8 457.1 464.3 470.1 476.4 483.0 486.7 484.0 482.1 486.2 492.9 503.2 510.9 514.6 517.6 517.8 523.4 536.6 546.4 545.3 542.3 542.8 544.4 545.6 540.3 531.6 520.8 509.5 500.9 495.4 492.0 487.8 485.5 483.5 482.1 481.2 477.4 475.5 474.5 474.3 475.2 476.1 477.3 477.5 477.4 477.1 481.1 484.9 487.2 499.7 504.7 512.0 517.6 522.3 524.9 531.0 547.0 565.2 571.9 563.8
445.5 441.5 438.2 435.8 434.6 435.4 435.6 434.5 435.4 436.2 438.2 441.3 444.6 447.9 451.2 457.1 465.2 473.8 479.0 485.6 488.3 485.9 484.9 487.2 493.8 501.9 509.1 513.3 516.0 518.1 522.3 530.1 538.6 539.5 537.3 536.4 535.7 530.9 526.0 516.9 506.7 496.3 490.9 489.2 488.2 486.6 486.0 484.2 483.5 480.9 478.9 478.6 478.5 478.3 479.0 479.4 479.7 479.5 479.5 479.1 485.1 491.5 500.6 504.5 509.9 516.1 524.2 527.7 532.6 538.7 548.7 559.2 561.4 554.4
441.9 438.6 435.7 433.4 432.3 433.5 434.7 432.4 432.3 435.2 439.4 443.8 447.6 451.3 452.5 458.0 463.8 472.7 478.8 483.9 485.1 485.9 487.5 490.2 492.7 497.1 504.5 511.2 514.1 516.8 523.2 528.7 530.0 531.6 530.8 528.1 525.0 520.4 513.6 504.5 494.7 486.1 482.4 481.5 482.7 483.6 484.8 485.3 485.2 481.4 481.3 481.2 481.1 481.2 481.1 481.1 481.0 481.6 481.9 482.1 492.2 495.1 503.2 508.0 515.4 521.8 527.9 533.8 539.3 544.2 550.5 558.1 560.6 556.9
440.1 437.3 435.5 433.0 431.9 432.4 433.5 433.2 433.5 436.4 440.5 445.0 449.4 453.4 456.8 459.1 462.9 470.4 477.5 481.7 483.3 487.1 489.0 492.0 493.2 497.0 505.6 512.8 515.3 518.4 522.1 522.3 523.4 524.4 523.4 521.4 517.8 512.9 504.9 495.8 485.6 476.3 473.6 475.4 478.5 481.6 484.9 486.3 486.8 483.7 483.4 483.2 483.1 482.7 481.8 481.1 481.9 483.1 483.4 489.2 493.9 496.9 505.4 515.3 522.5 528.8 533.5 538.4 545.1 547.8 554.1 560.8 570.5 584.4
433.5 434.6 433.6 432.8 432.7 433.2 434.5 435.3 436.7 439.1 442.7 446.5 451.3 455.4 458.7 461.2 464.6 469.7 473.9 479.0 482.6 486.4 488.6 491.3 494.1 497.2 500.2 506.9 513.9 515.9 518.6 516.4 518.5 517.9 516.6 515.8 511.3 506.8 499.4 491.4 481.5 471.3 468.1 468.6 473.8 481.6 486.0 488.7 486.8 486.4 485.7 485.6 485.0 484.5 483.4 482.4 483.5 485.2 488.1 491.3 493.3 502.0 513.4 518.1 524.5 532.6 539.3 542.0 547.0 551.8 555.1 563.2 575.7 599.1
436.2 435.5 434.7 434.8 434.5 435.0 436.1 437.3 438.6 441.6 444.8 448.9 453.2 457.9 461.3 463.3 464.3 469.6 470.8 475.4 480.7 482.6 488.2 490.1 492.7 495.2 497.6 504.5 509.1 515.8 514.4 511.6 511.8 512.0 511.6 509.5 507.1 502.7 497.6 490.7 483.5 477.1 474.7 470.4 476.5 483.7 489.1 490.9 491.2 489.4 487.9 486.6 486.4 486.4 486.3 486.1 486.8 489.3 491.2 495.1 497.9 506.2 515.5 522.6 532.5 538.3 543.0 544.9 548.4 550.8 553.0 557.3 568.3 581.8
437.3 436.9 436.3 437.0 436.9 437.2 437.9 438.8 440.2 443.0 446.2 450.4 455.5 460.3 464.1 465.6 466.2 467.4 470.3 472.4 479.0 481.2 487.2 489.4 491.9 494.1 496.1 503.2 511.1 511.1 511.3 507.8 507.2 506.1 505.4 504.9 503.6 500.9 497.0 492.2 487.7 485.4 486.0 487.3 485.1 487.6 491.4 495.1 494.5 491.2 488.8 487.0 486.3 487.5 488.6 489.5 490.1 492.1 495.4 497.8 501.8 506.1 517.7 526.9 535.0 542.2 545.4 549.9 550.4 547.9 544.9 547.8 557.6 559.9
438.3 438.0 437.7 438.7 438.6 438.6 438.7 439.0 440.2 442.5 446.5 451.2 457.1 463.2 466.8 466.5 467.6 468.1 467.9 472.2 477.9 480.1 482.6 488.3 490.4 492.3 499.4 500.6 504.2 507.1 504.2 503.5 501.8 500.6 500.3 500.8 500.8 500.0 497.8 495.1 493.1 491.9 491.6 489.9 489.6 489.9 491.6 494.5 494.1 491.8 489.2 487.1 485.8 488.5 490.5 491.6 493.2 494.2 495.7 498.6 504.5 512.4 527.2 532.8 540.8 547.9 552.3 555.2 553.2 543.9 532.0 535.5 548.2 541.1
439.1 438.9 438.8 439.8 439.5 439.0 438.1 437.6 438.9 441.9 446.4 451.4 457.5 464.2 469.1 472.1 470.0 469.4 469.0 471.9 477.3 481.8 486.7 488.4 493.4 494.7 498.1 498.2 501.4 500.5 497.9 498.5 495.6 495.5 494.9 496.4 498.8 500.6 499.3 498.2 496.3 496.1 499.6 497.3 492.6 491.8 492.5 493.5 493.5 492.2 490.9 489.2 488.7 490.4 491.0 492.9 493.8 495.1 496.4 499.4 507.6 515.7 524.5 538.2 547.2 555.6 561.0 565.6 560.2 547.6 531.9 535.5 550.6 544.6
439.5 439.5 439.5 440.4 440.1 438.9 437.0 434.9 437.5 441.6 445.8 451.3 457.1 463.4 469.3 472.8 471.3 470.3 470.2 472.0 478.5 484.3 486.3 487.7 488.8 495.2 496.3 497.1 499.8 498.2 496.9 493.8 491.3 490.2 489.4 491.8 498.0 501.4 502.4 500.9 497.1 497.4 498.1 497.2 494.9 493.8 494.1 494.2 494.0 493.0 492.3 491.5 491.4 491.1 491.7 493.5 495.0 495.4 497.5 501.6 509.5 518.5 527.8 540.4 553.1 561.8 570.1 576.9 573.5 563.6 552.6 556.1 562.8 566.0
439.6 439.5 439.7 440.8 440.8 439.6 437.0 435.6 439.2 442.4 446.8 451.2 456.5 461.4 466.2 469.8 470.3 470.1 471.4 472.5 477.5 481.3 484.8 485.9 488.0 491.0 491.9 495.5 498.0 497.6 495.4 492.2 490.0 488.6 484.2 489.2 498.4 504.7 505.5 502.7 500.6 499.2 498.5 497.2 496.6 496.3 496.4 496.5 496.1 495.0 494.1 493.6 493.1 493.2 493.1 494.7 496.3 497.3 499.4 503.9 512.2 520.8 531.8 541.8 558.3 570.3 581.3 590.8 592.3 583.6 575.5 573.4 576.6 580.0
439.4 438.9 439.3 440.7 441.7 441.6 440.5 440.5 440.0 444.9 450.2 453.4 457.3 461.3 465.6 467.4 469.4 470.9 471.9 473.4 478.9 482.6 483.8 484.5 486.3 488.8 489.6 490.9 493.7 496.2 495.0 493.1 490.9 489.3 486.1 492.9 506.7 513.9 512.4 508.5 505.1 502.5 501.2 500.6 500.5 499.2 498.8 498.3 497.1 495.8 495.7 495.7 495.3 495.9 497.3 497.9 499.6 501.1 503.8 508.3 516.7 525.2 536.2 546.6 565.1 577.3 588.8 601.1 605.9 594.1 584.1 580.3 581.6 587.0
439.5 438.7 439.2 440.6 442.3 443.9 446.1 449.4 454.5 459.6 459.6 458.6 459.0 462.6 465.8 467.9 472.0 473.3 472.8 474.6 480.6 484.1 484.8 485.0 485.0 486.5 487.3 490.2 493.0 493.0 496.0 494.8 493.1 492.0 494.4 506.3 525.3 528.7 521.3 514.1 509.5 506.4 504.9 504.3 503.9 503.4 501.6 499.8 496.7 494.4 495.3 496.8 498.9 499.1 501.1 501.1 503.6 504.9 507.5 511.9 520.3 528.8 540.3 553.1 568.0 578.0 588.3 598.8 601.8 596.4 587.3 580.9 581.4 590.0
440.3 439.9 440.2 440.5 441.4 444.7 451.7 463.5 484.0 484.7 471.4 464.8 464.5 466.7 470.1 471.8 473.5 477.7 479.9 481.8 482.6 485.7 485.7 485.2 484.6 485.0 487.2 491.0 494.1 499.3 499.9 499.3 498.7 499.0 503.7 517.3 533.7 535.0 525.7 517.8 513.0 510.7 509.0 508.1 507.8 506.9 505.9 502.3 496.7 491.9 494.9 499.7 501.4 502.6 504.7 505.4 507.2 508.6 511.3 515.1 523.0 532.0 543.7 560.3 570.2 576.9 583.6 590.5 593.7 594.6 591.2 587.2 590.3 598.9
441.3 441.1 440.9 439.8 439.6 444.8 454.4 468.2 486.4 487.1 476.1 470.5 471.2 472.3 472.3 474.0 475.9 480.9 482.8 489.5 490.3 490.4 486.9 485.5 484.5 484.0 486.5 491.1 498.3 500.9 502.6 503.3 504.0 506.6 511.7 519.3 527.5 528.8 524.1 518.9 515.7 514.1 512.8 512.2 511.9 511.2 510.4 507.8 502.8 498.4 500.1 502.5 504.3 505.3 507.0 507.4 508.3 509.7 512.9 517.6 525.5 534.4 551.0 563.8 572.1 579.8 583.0 585.8 592.6 596.1 596.5 601.7 604.0 612.9
442.3 442.1 441.6 441.5 442.3 447.0 454.0 465.0 474.6 477.5 474.7 472.4 473.2 475.5 478.5 480.3 479.0 485.0 488.8 495.4 498.2 496.8 495.5 489.7 485.9 484.9 487.6 492.4 500.1 504.2 506.7 508.2 510.2 512.2 515.5 520.9 523.9 523.3 522.4 519.8 518.6 517.9 517.7 517.3 516.7 516.5 515.3 513.3 510.6 508.2 507.2 507.1 507.2 507.5 508.5 507.7 507.3 509.6 514.0 520.2 528.4 537.3 553.1 564.3 574.0 582.6 583.6 584.0 590.7 598.5 602.5 611.7 619.9 628.3
442.8 442.8 444.3 445.2 445.6 447.4 453.3 460.6 467.6 471.5 472.9 474.7 476.2 480.7 482.7 486.5 490.5 492.2 498.8 499.4 503.1 504.2 501.0 496.0 491.2 491.1 493.3 499.7 503.6 507.5 510.4 512.5 515.4 517.2 520.1 523.0 525.9 526.2 527.0 523.0 521.6 521.2 521.5 522.3 521.8 521.0 521.6 519.7 509.6 511.6 511.2 510.6 510.2 510.0 510.4 508.8 508.1 511.1 516.5 522.3 529.8 539.8 552.2 562.0 573.7 581.1 583.1 584.7 591.7 600.8 608.4 621.4 631.9 639.5
442.8 443.9 447.6 447.7 445.7 444.9 450.4 459.5 467.0 472.4 476.2 477.8 480.6 485.9 489.7 491.7 495.6 499.7 505.7 507.4 508.9 508.7 507.3 504.0 502.0 499.9 500.6 505.8 509.4 512.6 514.6 517.1 521.3 523.9 525.9 529.2 531.6 532.7 531.9 530.4 529.1 527.2 527.1 528.0 528.8 526.2 525.7 530.8 520.7 515.8 514.1 513.1 512.6 512.2 513.2 512.3 512.3 518.7 524.0 530.3 536.7 545.7 555.1 559.6 567.8 579.1 582.2 584.4 593.1 602.4 614.3 624.5 638.2 645.4
