code_hw01/idw.asc
NCOLS 258
NROWS 288
XLLCORNER 587311.826320024
YLLCORNER 137646.940111098
CELLSIZE 400.0
NODATA_VALUE -9999
[rows 165 to 197 of 288, columns 0 to 73 of 258]
734.5 730.8 725.9 718.8 731.0 749.8 753.0 754.2 757.2 759.6 761.6 766.2 775.9 787.7 789.7 780.9 771.1 767.2 764.6 765.0 766.1 769.1 774.6 778.3 780.8 786.3 786.4 787.7 808.1 815.4 820.6 826.4 834.4 844.7 848.1 862.5 872.4 864.6 844.8 815.0 775.2 741.2 709.3 675.5 643.9 630.0 621.7 612.6 601.7 598.9 618.4 618.8 609.0 603.8 597.9 605.6 612.5 629.2 656.7 680.6 698.9 714.0 746.6 757.4 760.8 761.3 759.3 766.2 765.3 765.6 773.7 807.9 867.9 921.0
740.8 738.8 731.9 726.7 741.2 759.4 757.5 756.8 760.2 762.9 769.2 773.2 778.3 785.8 786.9 781.9 779.4 774.1 769.2 771.9 769.6 763.5 757.3 745.7 750.2 784.2 829.6 868.6 851.4 833.7 828.3 829.4 834.2 840.9 838.2 845.0 853.6 840.0 819.9 798.2 763.3 731.7 698.8 667.3 637.6 613.8 603.2 597.3 579.6 566.0 587.1 602.5 604.1 605.1 604.6 614.3 627.1 640.0 667.9 684.1 699.3 727.6 746.5 753.6 761.8 764.1 766.5 780.2 783.0 793.4 814.8 866.6 942.1 1002.4
750.1 751.9 747.0 747.3 756.6 767.7 768.9 764.4 765.4 766.2 771.5 777.9 783.8 789.4 790.8 789.0 786.7 782.8 787.8 785.5 774.6 762.7 747.5 727.2 728.0 778.2 837.8 871.8 858.3 840.8 833.5 833.0 834.9 836.8 829.8 830.4 830.2 821.2 807.9 793.2 760.9 729.7 693.0 651.8 616.7 592.9 584.7 589.2 586.4 580.6 589.3 600.5 604.9 603.6 612.0 614.4 623.7 646.1 674.1 687.9 700.9 729.2 748.0 755.0 764.4 769.0 772.6 790.7 798.5 819.6 853.0 916.5 1012.9 1082.5
766.0 763.5 762.3 763.1 765.5 768.6 770.5 773.2 771.1 763.9 765.2 775.5 786.6 794.8 797.6 799.9 805.4 807.9 795.6 793.4 785.7 776.1 755.5 741.4 746.6 782.3 821.5 843.6 845.3 838.1 834.7 834.8 836.2 836.8 824.4 820.2 818.1 807.4 797.8 782.0 757.1 720.9 682.4 634.8 592.1 563.8 559.9 577.9 591.5 592.6 599.9 609.4 612.6 614.6 617.9 618.8 622.4 639.4 665.3 691.7 703.7 733.9 750.8 757.5 768.5 772.3 783.6 789.1 806.1 824.0 863.0 929.1 1022.6 1089.6
775.2 774.4 774.8 776.1 778.1 784.6 785.0 783.8 775.3 760.1 761.8 780.4 793.3 801.8 805.6 817.6 816.9 816.1 813.9 812.3 795.7 786.3 774.5 765.0 773.3 791.9 815.5 830.8 835.0 836.2 835.3 837.0 838.4 837.3 823.7 815.0 806.3 799.0 793.7 781.1 752.4 721.1 680.2 632.8 585.4 551.4 549.6 571.7 589.1 601.2 615.8 624.5 624.7 621.9 618.0 623.2 627.1 641.1 658.0 684.8 698.6 746.8 754.8 762.7 773.2 776.1 785.5 786.9 795.9 807.5 839.1 898.4 972.4 1023.8
783.3 783.9 785.5 788.8 799.8 803.6 803.6 799.0 789.8 778.8 781.2 795.6 807.2 813.0 822.2 827.4 827.3 826.0 828.6 823.1 816.0 799.9 794.7 789.0 793.9 803.6 817.9 828.2 834.3 838.2 839.5 842.9 843.4 841.9 826.6 811.3 795.8 792.9 794.5 780.2 759.3 729.9 690.3 644.6 600.7 571.3 568.1 580.6 594.5 611.0 624.9 634.7 632.6 626.5 621.5 619.7 630.4 645.3 665.2 692.1 705.4 728.7 757.9 765.6 773.6 781.8 781.4 778.4 772.8 775.9 799.3 850.2 909.1 949.1
789.5 790.7 793.5 805.9 815.2 825.1 825.8 817.8 810.8 809.6 812.9 821.1 827.1 834.5 836.6 841.0 842.0 837.4 840.6 835.6 829.1 823.0 811.5 812.4 810.7 818.0 824.8 831.8 836.9 841.4 845.9 849.0 852.2 853.6 840.3 818.8 793.4 790.5 793.2 784.1 767.6 741.4 705.3 664.6 628.0 604.2 598.0 589.7 601.2 613.9 624.4 632.0 630.6 626.3 622.4 621.6 624.5 648.7 669.9 686.1 713.4 736.2 763.6 769.0 779.1 779.1 778.2 772.2 759.7 752.5 772.4 817.8 862.8 898.9
793.6 794.3 801.1 810.7 824.3 840.2 841.0 832.6 830.6 836.7 846.2 851.3 854.1 852.2 856.1 856.0 855.5 857.3 853.2 847.4 842.5 837.8 836.3 828.8 832.1 830.5 832.4 835.9 841.7 845.9 851.2 858.2 865.9 875.8 872.3 856.4 822.7 805.9 793.1 786.7 775.1 752.2 719.7 684.2 652.9 631.6 614.1 613.5 605.9 608.9 618.1 621.6 624.7 622.6 621.2 622.1 626.5 643.3 673.8 690.8 730.7 742.4 766.9 775.4 776.5 776.6 777.0 772.1 760.9 755.4 772.2 806.6 839.3 860.9
797.3 795.6 800.4 809.1 824.9 838.2 840.1 838.6 844.6 858.5 872.6 874.6 873.8 878.2 877.7 880.8 877.4 882.4 873.3 868.4 863.7 851.8 854.6 846.3 847.5 841.9 841.2 842.7 844.9 850.0 855.7 874.5 888.8 906.9 924.2 926.7 878.9 819.3 786.8 787.6 780.9 759.2 729.9 698.1 669.8 640.1 627.6 621.6 609.4 607.1 610.3 609.9 616.7 617.6 618.8 621.7 627.6 645.9 667.3 687.3 723.1 760.4 767.8 775.3 775.2 775.4 777.1 775.9 773.9 772.6 783.2 809.2 826.6 836.8
799.6 793.9 790.5 802.2 819.0 831.0 837.2 843.0 853.7 869.1 881.7 882.3 886.3 895.9 897.1 900.7 907.9 900.7 894.1 896.0 891.4 891.1 886.1 881.0 858.9 854.7 848.9 848.5 848.9 861.8 868.5 880.4 896.7 922.2 957.1 971.1 920.0 840.2 798.9 794.4 789.1 774.5 736.1 705.3 669.7 647.8 632.0 621.8 605.2 599.9 603.8 601.3 608.8 612.2 615.7 620.6 627.8 652.6 683.1 715.6 733.4 759.1 767.5 777.0 776.9 776.5 778.5 783.8 784.8 787.7 795.6 807.0 817.2 817.2
802.2 793.6 787.1 800.6 817.7 830.6 841.1 849.8 861.5 876.4 883.5 889.2 899.7 914.3 915.5 920.7 927.9 926.2 919.1 910.1 905.3 900.6 898.5 895.7 879.9 873.0 865.1 861.4 860.3 862.8 867.8 878.4 895.6 919.2 948.0 952.6 918.7 860.8 824.5 810.8 799.0 778.8 749.5 699.5 671.4 647.4 627.7 614.6 596.8 591.3 595.2 593.7 598.7 610.8 617.5 619.8 630.1 664.7 695.0 713.2 716.8 747.8 765.7 773.5 781.4 781.4 783.9 792.7 796.8 801.4 806.9 811.2 807.7 801.4
798.7 796.7 798.8 810.2 825.0 837.0 846.9 861.3 873.0 886.2 900.1 911.9 924.7 934.6 938.6 941.7 939.0 932.5 928.1 920.0 920.5 914.0 906.9 901.2 895.1 885.7 877.9 870.7 865.7 856.9 860.7 874.4 891.1 913.1 927.0 928.4 904.8 867.8 841.1 823.9 809.1 786.4 752.3 723.2 667.0 640.5 616.8 597.7 579.0 578.8 584.3 585.6 587.1 604.3 612.3 621.0 630.3 651.2 676.6 692.4 708.4 741.2 749.7 761.6 763.8 779.0 796.7 801.5 804.1 808.5 811.8 812.4 806.3 797.9
790.1 787.9 803.4 822.3 838.1 846.9 854.1 868.8 887.0 905.6 926.0 944.2 953.6 948.0 947.8 952.5 952.0 940.8 937.8 931.6 921.2 913.0 908.4 906.8 901.6 893.8 878.0 869.8 860.0 849.6 849.0 863.8 886.0 903.1 914.7 916.6 908.6 871.7 852.8 836.1 818.2 791.5 764.6 729.5 689.4 634.2 607.5 579.2 569.6 569.6 576.6 581.0 588.7 601.4 607.3 619.3 636.3 646.8 669.6 683.6 697.7 732.3 749.0 753.5 756.5 758.2 778.8 783.3 799.2 803.9 807.8 809.3 808.1 807.6
791.4 789.3 811.4 841.0 858.6 860.9 867.5 879.9 898.5 923.2 954.1 989.0 998.1 946.0 950.2 959.4 961.5 958.2 946.9 932.6 919.6 910.0 904.4 905.6 903.1 893.4 877.8 870.9 855.0 824.7 835.9 856.7 881.1 901.1 913.7 918.8 903.5 893.3 865.0 848.7 829.0 807.6 762.9 731.6 696.7 660.3 607.0 575.9 567.6 567.6 574.5 585.0 590.2 607.0 615.8 630.0 632.3 641.2 650.9 673.4 685.4 712.5 737.5 742.9 731.6 734.3 752.7 779.4 785.8 804.5 809.2 812.7 815.9 824.5
805.5 810.8 829.5 854.0 868.4 867.8 873.5 887.4 908.4 938.5 976.4 1031.8 1074.9 1017.5 981.6 978.2 977.2 980.8 967.7 954.8 923.5 911.0 902.7 908.6 916.2 904.6 883.8 872.5 854.8 818.4 832.7 862.9 885.1 909.0 925.7 935.2 936.1 911.9 899.4 865.0 843.4 808.2 777.8 734.2 701.3 666.9 611.9 585.0 576.1 576.1 580.7 591.3 600.3 612.0 630.6 637.6 635.5 641.5 642.8 650.7 671.7 704.7 704.9 710.5 715.2 737.8 743.4 749.7 757.4 788.0 809.1 815.6 822.6 841.6
822.0 829.1 841.5 858.8 865.8 870.3 879.0 893.2 912.3 946.8 981.9 1026.7 1056.5 1034.2 1009.2 1003.8 1005.2 1007.3 987.3 964.3 933.9 912.1 912.6 924.0 936.6 929.9 910.0 892.0 874.6 859.1 870.9 880.4 911.1 930.4 953.3 967.7 969.7 941.6 925.9 906.8 848.5 820.0 780.8 748.2 710.1 676.2 635.3 599.0 592.5 587.7 593.7 601.1 612.2 618.8 623.0 639.0 642.6 645.7 640.8 639.1 659.5 665.8 685.6 691.3 696.7 724.0 731.1 738.8 747.9 758.7 771.3 798.0 827.5 853.0
832.9 844.6 853.9 861.8 867.9 877.0 886.2 896.2 921.6 942.1 978.3 1007.8 1021.9 1027.5 1022.0 1021.8 1032.2 1026.1 1016.8 994.3 964.4 943.2 942.2 956.6 959.4 955.0 941.8 926.5 912.8 907.5 917.2 943.9 964.4 968.9 1000.0 1018.7 1018.3 983.4 960.6 917.3 890.1 848.1 817.6 765.9 734.7 703.3 667.7 629.2 612.6 609.4 612.3 618.1 623.5 627.4 629.7 640.5 641.5 641.9 642.6 643.2 624.0 643.2 647.2 667.2 676.7 707.6 715.7 724.5 734.5 746.4 760.8 792.8 811.5 847.5
855.8 854.6 861.5 867.0 876.1 882.3 898.2 908.2 929.1 947.0 971.8 993.5 1013.9 1025.8 1035.4 1049.1 1050.6 1054.5 1040.3 1028.4 1024.1 1006.2 1001.0 1001.8 1005.4 991.3 982.2 971.1 964.0 978.7 989.0 1016.2 1043.4 1067.3 1097.3 1100.6 1077.7 1034.4 996.1 943.0 895.9 860.3 823.0 789.1 758.7 717.7 697.4 655.1 644.4 641.3 634.4 637.6 640.4 641.5 641.6 640.1 647.2 644.9 642.4 634.5 627.1 618.2 616.4 648.4 654.2 684.3 697.7 706.6 716.7 729.1 744.6 764.0 802.4 843.6
858.8 867.8 872.5 875.5 882.3 884.1 897.7 911.3 922.2 938.6 965.6 986.3 1015.8 1035.1 1056.0 1067.6 1071.3 1075.7 1069.0 1078.5 1082.7 1076.2 1070.6 1068.7 1055.8 1051.7 1031.7 1038.4 1035.5 1038.6 1053.4 1069.4 1101.8 1136.8 1166.1 1167.8 1146.8 1114.0 1015.1 985.1 919.8 870.1 830.5 796.4 753.5 730.0 711.5 693.9 666.3 661.6 661.9 661.5 650.9 650.2 648.2 644.5 639.2 641.5 635.9 626.5 626.4 613.2 602.9 605.7 626.9 642.0 674.2 681.9 694.7 706.3 721.9 742.5 784.1 833.0
867.7 875.6 876.0 878.3 881.8 888.5 897.6 907.7 915.7 937.2 963.1 991.4 1020.4 1045.9 1069.9 1079.9 1082.6 1085.2 1101.7 1119.2 1135.2 1146.4 1142.6 1131.9 1121.0 1120.5 1103.9 1110.0 1104.9 1109.6 1120.1 1137.3 1159.8 1176.2 1198.7 1199.7 1185.7 1163.5 1076.6 1018.4 930.6 876.4 835.5 789.5 760.9 734.7 715.8 702.2 676.3 670.8 669.2 669.1 668.7 657.3 653.7 648.1 640.4 631.0 617.9 616.9 613.6 612.1 600.3 595.5 613.4 617.3 648.7 654.2 660.6 672.6 678.5 683.5 710.4 775.6
874.4 880.6 880.4 878.9 888.7 880.2 875.8 914.3 910.9 933.4 962.4 997.1 1027.0 1060.8 1082.1 1086.5 1083.7 1096.3 1123.8 1152.1 1183.2 1204.2 1200.6 1184.9 1188.0 1189.2 1180.0 1169.7 1169.2 1166.6 1170.5 1177.8 1187.4 1218.3 1207.1 1204.7 1200.3 1193.0 1144.1 1060.3 1010.6 923.0 879.5 795.2 764.8 739.8 719.1 703.3 676.6 672.1 671.2 672.4 673.3 672.1 658.9 651.6 641.4 628.6 612.3 601.7 594.4 598.5 596.7 595.6 590.9 606.2 631.7 633.2 626.0 622.1 633.3 651.3 676.0 738.8
879.5 878.8 882.8 884.6 893.0 866.1 816.9 866.9 908.0 928.4 962.4 1001.5 1044.8 1077.5 1104.9 1111.0 1113.2 1126.7 1147.8 1178.6 1210.4 1229.0 1226.1 1228.3 1235.7 1240.0 1236.5 1229.4 1228.1 1231.0 1245.5 1245.3 1239.8 1241.7 1221.5 1217.9 1221.7 1230.1 1204.5 1169.1 1034.3 983.2 892.5 851.5 769.9 742.7 721.1 702.2 676.5 668.6 667.3 672.4 676.6 676.6 672.3 655.4 642.8 626.5 607.3 590.5 581.7 582.5 588.5 582.8 584.0 573.7 591.2 600.2 598.1 599.2 605.4 620.9 643.4 701.1
882.5 880.5 884.7 888.7 901.9 884.2 866.2 891.0 908.3 924.0 967.4 1016.5 1069.1 1108.5 1146.5 1158.4 1167.4 1173.2 1180.1 1206.9 1220.0 1229.9 1237.9 1259.7 1279.8 1292.2 1303.9 1302.3 1308.4 1320.5 1332.4 1318.0 1312.7 1280.8 1264.5 1257.6 1256.6 1277.4 1223.1 1171.1 1128.8 1028.1 940.7 859.7 817.0 782.5 725.1 692.6 677.0 664.2 661.2 673.7 681.1 681.7 677.1 659.4 645.6 627.0 604.5 582.9 571.5 574.5 584.2 582.5 584.1 571.7 568.0 580.1 581.0 578.4 583.6 594.8 613.8 639.3
886.7 884.9 883.1 902.6 910.9 909.9 909.4 918.7 924.9 946.4 989.8 1039.5 1098.6 1158.9 1201.6 1236.6 1237.4 1227.6 1221.6 1236.3 1242.2 1260.0 1279.0 1311.5 1340.4 1353.3 1377.3 1382.3 1386.0 1389.7 1382.8 1403.3 1388.0 1355.1 1336.1 1325.6 1313.8 1311.9 1260.5 1179.9 1133.3 1081.6 985.5 870.7 829.0 793.6 758.2 700.6 685.0 675.9 676.1 684.7 688.7 687.4 684.2 675.0 657.3 636.1 612.7 587.6 572.9 576.1 587.1 589.4 582.9 579.1 567.3 562.9 565.9 562.2 565.3 579.2 596.5 617.3
887.9 872.4 867.2 891.2 912.2 920.0 914.8 928.7 966.3 995.5 1026.4 1070.1 1141.6 1212.9 1285.9 1332.5 1321.0 1285.1 1258.8 1277.3 1284.7 1324.3 1354.8 1383.0 1405.1 1420.7 1434.7 1445.2 1454.0 1439.9 1458.5 1448.2 1421.6 1407.6 1415.6 1401.7 1395.5 1394.9 1281.5 1192.7 1139.4 1082.5 1009.3 951.8 846.5 811.3 773.3 728.0 696.2 691.7 691.2 699.2 705.9 706.5 706.3 682.5 663.1 647.2 628.5 608.8 595.4 593.8 601.3 594.2 587.9 580.1 567.3 562.4 562.2 558.1 560.8 568.8 580.6 594.2
890.2 862.7 851.1 880.5 916.4 923.6 899.2 917.8 1025.7 1057.9 1062.6 1100.3 1175.4 1266.2 1362.9 1431.0 1397.7 1335.1 1294.1 1314.7 1324.6 1366.3 1405.0 1437.0 1442.5 1453.0 1485.8 1506.4 1516.0 1510.7 1498.4 1490.7 1484.5 1474.2 1468.1 1474.5 1459.7 1438.2 1346.5 1272.0 1169.6 1103.1 1021.5 953.2 900.4 843.6 801.1 758.2 716.3 704.3 702.4 719.5 716.4 714.3 712.1 705.4 688.9 670.6 641.5 630.5 622.2 619.0 617.5 613.9 600.5 585.0 574.2 563.1 560.0 561.0 563.3 570.2 577.0 585.8
914.8 881.2 868.1 900.0 932.0 942.1 939.8 980.2 1084.2 1093.5 1084.2 1121.4 1200.9 1296.9 1385.4 1436.9 1408.3 1360.2 1333.6 1342.5 1348.7 1380.6 1425.3 1445.6 1450.4 1488.0 1561.6 1592.3 1569.4 1545.1 1538.0 1548.4 1532.2 1528.8 1518.2 1505.1 1489.1 1468.3 1374.1 1292.8 1204.5 1098.5 1023.6 954.9 923.9 871.1 834.6 786.2 749.3 719.9 718.4 722.4 720.9 719.5 716.5 710.2 697.8 673.5 655.7 647.2 636.8 634.6 630.9 626.5 618.2 610.3 579.0 564.9 561.9 560.5 560.4 572.1 574.6 579.1
959.1 930.3 914.4 937.8 955.9 975.1 989.4 1021.9 1066.2 1082.7 1095.2 1136.5 1210.5 1303.7 1400.1 1434.3 1394.9 1356.8 1350.5 1356.8 1374.8 1410.5 1432.3 1454.6 1476.0 1521.6 1594.3 1614.7 1589.2 1565.5 1556.1 1559.2 1551.3 1550.8 1539.5 1528.0 1513.2 1493.1 1433.5 1321.0 1222.1 1097.2 996.8 939.2 925.9 908.0 862.4 809.2 773.2 735.0 727.5 725.9 725.4 731.6 727.1 723.9 715.0 685.4 652.6 639.3 654.0 658.0 661.4 634.9 625.8 615.1 605.1 576.7 569.6 562.1 561.3 560.9 571.2 572.2
1012.6 986.1 962.5 982.2 998.6 1010.2 1024.8 1046.3 1069.3 1088.7 1110.0 1142.0 1195.9 1269.3 1355.0 1393.5 1363.3 1346.8 1339.7 1353.7 1386.7 1425.4 1445.4 1473.4 1495.8 1532.2 1577.9 1590.9 1578.7 1562.7 1557.0 1564.5 1570.8 1564.7 1555.8 1545.7 1536.2 1517.6 1486.0 1360.2 1255.2 1133.1 995.1 927.4 915.9 923.0 881.7 831.7 798.0 773.9 743.2 749.1 743.8 732.4 719.7 721.2 721.1 695.9 657.1 641.3 659.5 680.6 672.4 673.0 666.8 621.9 612.0 597.6 575.5 569.3 566.7 560.5 558.0 558.0
1045.6 1024.0 1014.5 1017.2 1031.5 1041.2 1053.8 1069.6 1085.6 1102.6 1117.1 1133.9 1164.8 1203.2 1252.6 1291.8 1310.7 1315.0 1322.2 1357.5 1397.6 1428.6 1450.1 1483.0 1504.0 1535.5 1555.5 1566.6 1565.2 1555.7 1548.4 1562.6 1589.7 1569.5 1564.5 1562.5 1555.4 1542.3 1517.3 1430.4 1306.7 1181.7 1049.3 964.6 939.7 938.7 925.3 850.7 822.5 799.6 779.9 770.8 758.6 738.6 720.0 723.5 730.9 716.8 699.2 686.0 687.5 698.0 706.5 684.9 674.8 664.4 618.3 603.0 585.4 570.1 566.3 563.1 558.0 558.0
1047.4 1044.6 1038.9 1046.9 1061.7 1070.3 1080.7 1092.7 1105.4 1115.4 1118.8 1123.2 1132.8 1129.9 1138.8 1192.8 1242.8 1279.3 1323.2 1351.9 1397.9 1432.0 1460.8 1500.1 1517.4 1534.5 1549.1 1567.4 1560.4 1550.7 1527.5 1494.3 1521.3 1554.5 1575.5 1579.5 1572.2 1564.0 1547.4 1488.7 1366.6 1265.5 1148.1 1052.8 1011.4 992.7 970.4 869.2 845.1 848.2 816.2 817.3 799.9 775.9 762.3 762.4 768.7 753.7 743.5 734.6 740.1 740.9 747.5 726.1 687.8 676.0 660.8 607.9 595.9 576.6 565.3 561.6 559.2 558.0
1055.3 1058.1 1058.4 1071.7 1087.5 1095.4 1103.5 1111.5 1118.0 1120.0 1117.9 1119.8 1113.1 1071.4 1046.4 1112.1 1197.0 1261.8 1311.1 1361.5 1408.7 1436.8 1476.8 1506.4 1522.9 1539.6 1549.9 1567.7 1568.5 1561.1 1529.0 1463.1 1480.4 1565.1 1607.8 1606.4 1583.0 1574.4 1566.4 1537.9 1445.3 1339.7 1248.0 1140.9 1087.8 1049.9 1010.4 955.0 927.0 934.7 879.7 869.8 859.2 837.1 816.0 805.0 796.0 788.7 784.7 783.9 768.9 769.6 770.6 768.3 731.5 718.3 674.5 653.3 605.0 584.2 568.7 561.8 558.4 558.1
1084.3 1080.6 1087.3 1094.5 1105.4 1120.6 1126.4 1130.6 1131.7 1128.5 1124.7 1125.4 1112.5 1074.6 1049.1 1100.0 1188.7 1260.5 1313.3 1372.9 1422.7 1452.2 1482.6 1513.0 1530.2 1545.8 1555.5 1568.3 1576.7 1584.5 1580.7 1558.4 1565.6 1618.5 1664.3 1639.7 1593.1 1576.8 1574.3 1556.8 1520.0 1412.3 1342.2 1236.9 1158.9 1081.0 1055.6 1040.3 993.1 985.9 962.0 966.0 930.3 894.6 865.3 835.3 805.5 786.3 787.7 800.5 811.8 807.8 791.9 780.2 748.2 733.5 714.3 663.5 610.6 594.2 574.2 563.0 559.4 559.0
