code_hw01/nn.asc
NCOLS 184
NROWS 101
XLLCORNER 505011.47
YLLCORNER 5258286.13
CELLSIZE 100.0
NODATA_VALUE -9999
[rows 36 to 71 of 101, columns 0 to 81 of 184]
57.0 27.0 69.0 69.0 30.0 2.0 2.0 2.0 2.0 1.0 1.0 1.0 47.0 47.0 106.0 106.0 148.0 148.0 62.0 150.0 150.0 174.0 174.0 183.0 183.0 183.0 119.0 119.0 119.0 119.0 113.0 105.0 105.0 100.0 100.0 100.0 100.0 40.0 40.0 40.0 46.0 46.0 21.0 21.0 43.0 39.0 4.0 0.0 0.0 0.0 0.0 0.0 0.0 0.0 0.0 0.0 8.0 0.0 0.0 0.0 0.0 0.0 0.0 0.0 0.0 0.0 0.0 74.0 74.0 74.0 74.0 137.0 137.0 178.0 178.0 220.0 290.0 290.0 290.0 371.0 381.0 399.0
27.0 27.0 25.0 30.0 30.0 2.0 2.0 2.0 11.0 1.0 1.0 1.0 1.0 88.0 115.0 115.0 148.0 62.0 62.0 150.0 150.0 148.0 148.0 148.0 108.0 108.0 120.0 117.0 117.0 113.0 113.0 94.0 94.0 94.0 100.0 100.0 27.0 32.0 32.0 32.0 25.0 21.0 21.0 21.0 14.0 4.0 4.0 0.0 0.0 0.0 0.0 0.0 0.0 0.0 0.0 0.0 0.0 0.0 0.0 0.0 0.0 0.0 0.0 0.0 0.0 47.0 47.0 55.0 110.0 110.0 194.0 137.0 137.0 137.0 137.0 225.0 290.0 290.0 368.0 368.0 371.0 423.0
27.0 26.0 25.0 25.0 30.0 0.0 0.0 0.0 11.0 11.0 1.0 0.0 0.0 88.0 88.0 77.0 62.0 62.0 62.0 132.0 132.0 148.0 148.0 97.0 108.0 108.0 120.0 120.0 104.0 92.0 113.0 113.0 60.0 60.0 54.0 36.0 27.0 27.0 32.0 25.0 25.0 21.0 11.0 11.0 0.0 1.0 1.0 0.0 0.0 0.0 0.0 0.0 0.0 0.0 1.0 0.0 0.0 0.0 0.0 0.0 0.0 0.0 0.0 0.0 0.0 47.0 47.0 55.0 110.0 110.0 194.0 194.0 188.0 137.0 225.0 225.0 225.0 368.0 368.0 368.0 371.0 496.0
23.0 26.0 26.0 25.0 0.0 0.0 1.0 1.0 18.0 8.0 8.0 0.0 0.0 28.0 77.0 77.0 77.0 62.0 128.0 128.0 128.0 128.0 97.0 97.0 110.0 108.0 120.0 120.0 104.0 92.0 84.0 84.0 53.0 50.0 36.0 36.0 27.0 27.0 21.0 25.0 25.0 21.0 11.0 11.0 0.0 0.0 0.0 0.0 0.0 0.0 0.0 0.0 4.0 4.0 1.0 1.0 4.0 4.0 0.0 0.0 0.0 0.0 0.0 74.0 74.0 74.0 47.0 182.0 110.0 194.0 194.0 194.0 188.0 188.0 225.0 225.0 225.0 277.0 368.0 368.0 496.0 496.0
23.0 23.0 0.0 0.0 0.0 0.0 1.0 25.0 18.0 18.0 14.0 0.0 0.0 12.0 12.0 28.0 18.0 18.0 128.0 128.0 128.0 128.0 110.0 110.0 110.0 56.0 120.0 61.0 87.0 87.0 66.0 49.0 64.0 50.0 31.0 31.0 23.0 23.0 21.0 21.0 3.0 3.0 3.0 3.0 0.0 0.0 0.0 0.0 0.0 0.0 11.0 9.0 9.0 4.0 4.0 4.0 4.0 4.0 8.0 8.0 8.0 63.0 74.0 74.0 74.0 133.0 121.0 182.0 182.0 254.0 254.0 254.0 188.0 204.0 204.0 277.0 277.0 277.0 325.0 325.0 527.0 527.0
9.0 0.0 0.0 0.0 0.0 0.0 1.0 25.0 20.0 20.0 2.0 2.0 0.0 0.0 0.0 18.0 18.0 35.0 50.0 50.0 50.0 128.0 48.0 48.0 56.0 56.0 56.0 61.0 61.0 87.0 77.0 49.0 43.0 43.0 23.0 19.0 17.0 21.0 21.0 21.0 1.0 3.0 3.0 3.0 0.0 0.0 0.0 0.0 9.0 9.0 11.0 11.0 16.0 9.0 4.0 4.0 34.0 34.0 8.0 8.0 63.0 63.0 63.0 74.0 74.0 133.0 121.0 121.0 182.0 222.0 254.0 254.0 310.0 277.0 204.0 204.0 277.0 325.0 325.0 468.0 527.0 527.0
0.0 0.0 0.0 0.0 1.0 1.0 0.0 20.0 20.0 3.0 2.0 6.0 19.0 0.0 0.0 2.0 2.0 35.0 50.0 50.0 50.0 48.0 48.0 48.0 56.0 56.0 56.0 44.0 44.0 31.0 31.0 33.0 33.0 16.0 19.0 10.0 17.0 17.0 11.0 12.0 1.0 1.0 1.0 1.0 7.0 5.0 5.0 16.0 9.0 9.0 11.0 11.0 20.0 30.0 30.0 30.0 34.0 34.0 34.0 54.0 63.0 63.0 63.0 142.0 142.0 133.0 126.0 126.0 169.0 222.0 281.0 281.0 310.0 277.0 277.0 204.0 325.0 325.0 321.0 468.0 468.0 509.0
0.0 0.0 0.0 1.0 1.0 1.0 1.0 4.0 3.0 3.0 7.0 6.0 19.0 12.0 12.0 2.0 2.0 2.0 35.0 50.0 0.0 29.0 29.0 48.0 48.0 56.0 44.0 44.0 44.0 31.0 31.0 25.0 25.0 16.0 16.0 10.0 10.0 11.0 11.0 12.0 12.0 1.0 0.0 7.0 7.0 7.0 5.0 16.0 23.0 26.0 25.0 25.0 25.0 30.0 30.0 66.0 34.0 69.0 54.0 54.0 63.0 156.0 156.0 156.0 142.0 142.0 126.0 169.0 169.0 228.0 228.0 281.0 332.0 310.0 277.0 364.0 321.0 321.0 321.0 438.0 438.0 468.0
0.0 0.0 0.0 5.0 5.0 5.0 4.0 4.0 4.0 3.0 7.0 7.0 33.0 12.0 19.0 19.0 2.0 2.0 0.0 0.0 0.0 0.0 29.0 29.0 29.0 21.0 21.0 44.0 44.0 22.0 22.0 17.0 17.0 13.0 16.0 10.0 1.0 1.0 11.0 12.0 0.0 0.0 0.0 0.0 7.0 7.0 22.0 23.0 32.0 35.0 35.0 25.0 25.0 68.0 66.0 66.0 64.0 69.0 65.0 143.0 143.0 156.0 156.0 156.0 265.0 265.0 265.0 275.0 200.0 200.0 228.0 281.0 332.0 332.0 364.0 364.0 364.0 369.0 384.0 384.0 438.0 476.0
29.0 29.0 5.0 16.0 16.0 16.0 16.0 4.0 4.0 8.0 8.0 33.0 33.0 33.0 23.0 23.0 2.0 2.0 0.0 0.0 0.0 0.0 29.0 29.0 29.0 14.0 21.0 20.0 20.0 22.0 20.0 15.0 13.0 13.0 9.0 9.0 1.0 1.0 0.0 0.0 0.0 0.0 0.0 0.0 17.0 22.0 22.0 22.0 32.0 35.0 35.0 35.0 68.0 68.0 68.0 69.0 73.0 81.0 81.0 143.0 143.0 176.0 176.0 156.0 265.0 265.0 265.0 275.0 275.0 200.0 322.0 333.0 332.0 332.0 364.0 364.0 364.0 369.0 369.0 423.0 413.0 460.0
29.0 29.0 29.0 16.0 16.0 16.0 16.0 7.0 7.0 8.0 8.0 8.0 30.0 30.0 32.0 10.0 12.0 12.0 0.0 0.0 0.0 0.0 0.0 4.0 14.0 14.0 21.0 20.0 20.0 21.0 21.0 15.0 10.0 10.0 9.0 0.0 0.0 0.0 0.0 0.0 0.0 1.0 9.0 17.0 17.0 17.0 22.0 22.0 34.0 47.0 47.0 47.0 68.0 68.0 68.0 73.0 96.0 81.0 81.0 139.0 158.0 176.0 176.0 259.0 259.0 265.0 300.0 300.0 300.0 322.0 322.0 333.0 333.0 333.0 434.0 434.0 429.0 369.0 423.0 423.0 413.0 460.0
29.0 29.0 29.0 26.0 26.0 8.0 8.0 8.0 7.0 7.0 8.0 8.0 30.0 30.0 32.0 10.0 12.0 28.0 25.0 25.0 0.0 0.0 0.0 4.0 4.0 14.0 14.0 9.0 9.0 8.0 7.0 7.0 10.0 10.0 9.0 0.0 0.0 0.0 0.0 0.0 0.0 1.0 9.0 9.0 17.0 17.0 22.0 44.0 44.0 44.0 47.0 47.0 76.0 76.0 76.0 101.0 96.0 105.0 100.0 139.0 139.0 158.0 176.0 259.0 259.0 259.0 294.0 294.0 331.0 331.0 322.0 333.0 333.0 419.0 419.0 432.0 432.0 474.0 474.0 474.0 468.0 468.0
28.0 29.0 26.0 26.0 26.0 8.0 8.0 8.0 8.0 20.0 20.0 21.0 30.0 32.0 32.0 32.0 32.0 28.0 25.0 25.0 0.0 0.0 0.0 4.0 3.0 3.0 3.0 9.0 8.0 5.0 7.0 7.0 7.0 2.0 2.0 2.0 0.0 0.0 0.0 0.0 1.0 1.0 3.0 3.0 17.0 6.0 6.0 44.0 44.0 48.0 48.0 48.0 76.0 76.0 76.0 101.0 101.0 105.0 105.0 139.0 139.0 166.0 166.0 259.0 259.0 263.0 294.0 294.0 331.0 331.0 349.0 354.0 396.0 396.0 419.0 419.0 447.0 469.0 469.0 458.0 468.0 535.0
28.0 28.0 26.0 26.0 26.0 8.0 8.0 14.0 14.0 20.0 21.0 21.0 21.0 32.0 32.0 32.0 32.0 32.0 25.0 3.0 3.0 0.0 0.0 0.0 0.0 3.0 0.0 0.0 0.0 0.0 0.0 7.0 0.0 2.0 2.0 0.0 0.0 0.0 0.0 0.0 1.0 2.0 2.0 3.0 8.0 6.0 6.0 6.0 48.0 48.0 48.0 64.0 64.0 81.0 81.0 126.0 126.0 146.0 151.0 151.0 210.0 166.0 166.0 166.0 252.0 252.0 272.0 294.0 331.0 349.0 349.0 354.0 387.0 396.0 396.0 419.0 405.0 469.0 458.0 458.0 442.0 535.0
28.0 35.0 27.0 27.0 27.0 8.0 8.0 23.0 23.0 21.0 21.0 21.0 21.0 32.0 32.0 32.0 32.0 32.0 22.0 3.0 1.0 1.0 0.0 0.0 0.0 0.0 0.0 0.0 0.0 0.0 0.0 0.0 0.0 0.0 0.0 0.0 0.0 3.0 14.0 0.0 0.0 3.0 3.0 8.0 8.0 6.0 6.0 6.0 6.0 20.0 48.0 64.0 64.0 81.0 81.0 126.0 138.0 146.0 151.0 151.0 210.0 210.0 230.0 242.0 247.0 247.0 272.0 288.0 288.0 349.0 354.0 354.0 387.0 387.0 396.0 405.0 405.0 403.0 403.0 442.0 442.0 434.0
35.0 35.0 35.0 18.0 18.0 18.0 23.0 23.0 26.0 26.0 26.0 37.0 30.0 30.0 30.0 28.0 28.0 22.0 22.0 15.0 8.0 4.0 2.0 0.0 0.0 0.0 0.0 25.0 2.0 0.0 0.0 0.0 0.0 0.0 0.0 6.0 6.0 3.0 14.0 14.0 14.0 3.0 3.0 8.0 8.0 6.0 6.0 6.0 33.0 20.0 20.0 62.0 62.0 62.0 74.0 117.0 117.0 146.0 151.0 151.0 210.0 224.0 230.0 242.0 251.0 274.0 274.0 288.0 283.0 283.0 293.0 293.0 356.0 356.0 356.0 405.0 405.0 391.0 391.0 385.0 400.0 403.0
35.0 35.0 35.0 21.0 21.0 21.0 23.0 23.0 26.0 26.0 37.0 37.0 37.0 30.0 30.0 31.0 31.0 30.0 22.0 23.0 23.0 4.0 2.0 2.0 29.0 25.0 25.0 25.0 2.0 2.0 13.0 13.0 0.0 0.0 68.0 6.0 49.0 49.0 51.0 73.0 73.0 40.0 40.0 17.0 21.0 21.0 35.0 33.0 33.0 33.0 20.0 42.0 42.0 74.0 74.0 78.0 117.0 125.0 125.0 153.0 180.0 180.0 226.0 226.0 247.0 247.0 274.0 248.0 283.0 283.0 293.0 283.0 283.0 300.0 300.0 320.0 320.0 391.0 385.0 374.0 400.0 403.0
39.0 34.0 34.0 28.0 21.0 20.0 20.0 23.0 23.0 36.0 37.0 37.0 37.0 30.0 30.0 38.0 38.0 30.0 30.0 23.0 38.0 41.0 49.0 29.0 29.0 38.0 25.0 30.0 30.0 28.0 13.0 13.0 13.0 68.0 68.0 68.0 49.0 51.0 73.0 73.0 89.0 89.0 40.0 40.0 35.0 35.0 35.0 34.0 33.0 33.0 17.0 17.0 59.0 63.0 74.0 78.0 119.0 119.0 125.0 153.0 180.0 193.0 193.0 226.0 234.0 234.0 248.0 253.0 253.0 283.0 283.0 267.0 267.0 300.0 300.0 320.0 320.0 320.0 366.0 366.0 327.0 400.0
37.0 37.0 28.0 28.0 28.0 24.0 24.0 35.0 36.0 36.0 36.0 37.0 37.0 49.0 48.0 54.0 45.0 45.0 30.0 38.0 38.0 41.0 49.0 40.0 40.0 38.0 38.0 38.0 52.0 52.0 19.0 32.0 32.0 88.0 88.0 88.0 137.0 137.0 73.0 89.0 89.0 89.0 57.0 57.0 54.0 54.0 46.0 34.0 34.0 34.0 17.0 33.0 59.0 59.0 63.0 117.0 117.0 127.0 127.0 153.0 124.0 193.0 193.0 215.0 234.0 234.0 242.0 247.0 247.0 247.0 268.0 268.0 268.0 273.0 255.0 255.0 320.0 334.0 330.0 327.0 327.0 358.0
38.0 37.0 29.0 29.0 29.0 32.0 35.0 35.0 36.0 36.0 53.0 53.0 53.0 49.0 48.0 54.0 45.0 45.0 45.0 38.0 38.0 85.0 85.0 85.0 77.0 77.0 87.0 87.0 52.0 52.0 32.0 32.0 32.0 88.0 88.0 116.0 138.0 137.0 140.0 133.0 133.0 133.0 77.0 77.0 62.0 62.0 49.0 39.0 34.0 34.0 37.0 33.0 33.0 54.0 62.0 62.0 117.0 108.0 79.0 94.0 124.0 137.0 190.0 190.0 241.0 241.0 242.0 219.0 247.0 237.0 237.0 268.0 273.0 273.0 255.0 255.0 308.0 334.0 330.0 327.0 358.0 358.0
37.0 36.0 36.0 18.0 29.0 32.0 43.0 56.0 56.0 89.0 62.0 62.0 69.0 69.0 85.0 54.0 78.0 45.0 50.0 50.0 61.0 61.0 85.0 85.0 77.0 77.0 87.0 87.0 101.0 74.0 51.0 57.0 57.0 64.0 116.0 116.0 116.0 140.0 94.0 133.0 133.0 148.0 77.0 77.0 62.0 62.0 49.0 39.0 39.0 44.0 37.0 37.0 33.0 62.0 62.0 54.0 54.0 93.0 79.0 94.0 123.0 123.0 190.0 190.0 241.0 241.0 219.0 219.0 218.0 237.0 237.0 191.0 227.0 227.0 258.0 258.0 308.0 312.0 322.0 330.0 358.0 358.0
40.0 40.0 18.0 18.0 18.0 43.0 43.0 56.0 56.0 89.0 89.0 62.0 69.0 103.0 85.0 82.0 78.0 78.0 50.0 49.0 61.0 61.0 85.0 90.0 90.0 90.0 87.0 101.0 101.0 74.0 60.0 80.0 64.0 64.0 64.0 116.0 94.0 94.0 94.0 133.0 148.0 148.0 148.0 77.0 62.0 55.0 55.0 55.0 44.0 44.0 37.0 41.0 41.0 41.0 78.0 78.0 110.0 110.0 93.0 168.0 123.0 123.0 123.0 190.0 214.0 226.0 226.0 184.0 195.0 195.0 191.0 191.0 191.0 227.0 258.0 258.0 264.0 264.0 312.0 297.0 297.0 320.0
40.0 40.0 19.0 18.0 47.0 47.0 57.0 57.0 89.0 89.0 89.0 89.0 125.0 103.0 85.0 82.0 88.0 78.0 54.0 54.0 54.0 77.0 77.0 98.0 90.0 90.0 87.0 101.0 98.0 74.0 64.0 80.0 80.0 64.0 55.0 55.0 55.0 94.0 94.0 148.0 191.0 191.0 191.0 195.0 195.0 55.0 55.0 55.0 53.0 50.0 50.0 41.0 41.0 78.0 78.0 86.0 113.0 132.0 132.0 168.0 168.0 178.0 178.0 190.0 214.0 226.0 226.0 184.0 195.0 190.0 190.0 191.0 248.0 258.0 258.0 278.0 263.0 245.0 245.0 297.0 297.0 313.0
40.0 19.0 19.0 45.0 45.0 62.0 69.0 69.0 90.0 90.0 139.0 139.0 148.0 125.0 125.0 108.0 108.0 108.0 65.0 65.0 65.0 77.0 98.0 98.0 98.0 139.0 139.0 98.0 98.0 69.0 64.0 64.0 64.0 101.0 101.0 55.0 55.0 82.0 82.0 130.0 158.0 191.0 195.0 195.0 195.0 55.0 55.0 60.0 53.0 53.0 49.0 49.0 44.0 40.0 75.0 75.0 118.0 125.0 175.0 180.0 180.0 187.0 187.0 190.0 214.0 214.0 219.0 196.0 158.0 158.0 237.0 248.0 248.0 258.0 278.0 278.0 249.0 245.0 245.0 297.0 293.0 293.0
19.0 19.0 19.0 45.0 45.0 62.0 81.0 81.0 90.0 90.0 139.0 139.0 157.0 156.0 156.0 108.0 108.0 108.0 65.0 65.0 65.0 98.0 98.0 98.0 139.0 139.0 139.0 98.0 98.0 68.0 68.0 60.0 60.0 113.0 101.0 101.0 55.0 82.0 82.0 130.0 158.0 170.0 195.0 195.0 195.0 60.0 60.0 60.0 60.0 48.0 48.0 48.0 40.0 40.0 55.0 55.0 125.0 125.0 132.0 180.0 160.0 160.0 215.0 215.0 214.0 214.0 196.0 196.0 116.0 226.0 237.0 246.0 253.0 253.0 254.0 249.0 249.0 249.0 245.0 267.0 267.0 293.0
19.0 19.0 62.0 62.0 73.0 73.0 94.0 81.0 90.0 90.0 134.0 164.0 164.0 185.0 185.0 166.0 166.0 166.0 65.0 65.0 65.0 111.0 111.0 111.0 139.0 139.0 139.0 115.0 115.0 115.0 82.0 60.0 60.0 113.0 113.0 113.0 113.0 82.0 130.0 130.0 170.0 170.0 229.0 195.0 195.0 80.0 60.0 60.0 60.0 33.0 31.0 31.0 31.0 52.0 55.0 55.0 83.0 132.0 132.0 129.0 160.0 160.0 215.0 212.0 210.0 214.0 179.0 116.0 149.0 178.0 226.0 246.0 248.0 254.0 254.0 251.0 249.0 224.0 267.0 267.0 267.0 267.0
49.0 49.0 62.0 62.0 78.0 94.0 102.0 102.0 169.0 169.0 134.0 134.0 230.0 185.0 224.0 166.0 166.0 166.0 84.0 88.0 88.0 111.0 111.0 111.0 139.0 139.0 164.0 164.0 115.0 82.0 82.0 60.0 60.0 60.0 113.0 113.0 113.0 87.0 87.0 154.0 183.0 229.0 229.0 159.0 159.0 80.0 80.0 80.0 33.0 33.0 30.0 30.0 29.0 52.0 52.0 61.0 65.0 86.0 86.0 129.0 184.0 184.0 210.0 195.0 166.0 179.0 179.0 178.0 178.0 178.0 208.0 208.0 248.0 249.0 251.0 251.0 224.0 224.0 243.0 243.0 242.0 187.0
37.0 49.0 55.0 62.0 78.0 78.0 102.0 102.0 169.0 169.0 169.0 230.0 230.0 245.0 245.0 188.0 188.0 116.0 84.0 84.0 88.0 114.0 111.0 164.0 164.0 201.0 201.0 164.0 164.0 104.0 104.0 85.0 85.0 116.0 129.0 129.0 129.0 73.0 141.0 141.0 183.0 193.0 196.0 159.0 159.0 159.0 80.0 80.0 32.0 32.0 30.0 29.0 29.0 52.0 52.0 61.0 65.0 86.0 86.0 45.0 72.0 72.0 123.0 195.0 171.0 171.0 161.0 161.0 147.0 187.0 187.0 208.0 208.0 236.0 236.0 253.0 230.0 230.0 230.0 243.0 243.0 187.0
37.0 49.0 55.0 55.0 78.0 77.0 102.0 111.0 111.0 146.0 146.0 230.0 230.0 233.0 233.0 188.0 162.0 116.0 110.0 90.0 114.0 114.0 162.0 162.0 164.0 201.0 201.0 164.0 164.0 104.0 104.0 85.0 116.0 116.0 116.0 129.0 91.0 91.0 73.0 142.0 142.0 193.0 208.0 208.0 159.0 48.0 48.0 48.0 32.0 32.0 45.0 45.0 45.0 52.0 52.0 52.0 44.0 44.0 45.0 45.0 72.0 72.0 123.0 123.0 171.0 171.0 161.0 83.0 102.0 147.0 187.0 180.0 213.0 229.0 236.0 250.0 230.0 230.0 157.0 157.0 170.0 170.0
37.0 43.0 55.0 55.0 77.0 77.0 77.0 111.0 111.0 133.0 133.0 148.0 185.0 233.0 233.0 162.0 162.0 162.0 110.0 90.0 125.0 125.0 160.0 169.0 169.0 180.0 184.0 184.0 184.0 140.0 104.0 114.0 116.0 116.0 116.0 135.0 91.0 94.0 94.0 99.0 99.0 125.0 208.0 208.0 82.0 82.0 34.0 34.0 34.0 45.0 45.0 45.0 41.0 41.0 60.0 56.0 56.0 44.0 45.0 45.0 72.0 49.0 49.0 93.0 93.0 93.0 93.0 83.0 102.0 116.0 121.0 180.0 209.0 229.0 234.0 234.0 234.0 222.0 157.0 157.0 170.0 170.0
37.0 69.0 69.0 69.0 88.0 77.0 96.0 96.0 96.0 110.0 110.0 148.0 185.0 185.0 233.0 162.0 162.0 122.0 122.0 105.0 104.0 125.0 169.0 169.0 180.0 180.0 184.0 184.0 140.0 140.0 101.0 114.0 96.0 96.0 124.0 135.0 160.0 94.0 105.0 115.0 128.0 125.0 125.0 121.0 121.0 82.0 56.0 53.0 53.0 53.0 52.0 52.0 41.0 41.0 58.0 60.0 79.0 68.0 68.0 57.0 57.0 49.0 49.0 58.0 93.0 93.0 93.0 77.0 90.0 114.0 114.0 209.0 209.0 230.0 230.0 238.0 222.0 222.0 219.0 157.0 157.0 178.0
71.0 69.0 69.0 69.0 88.0 88.0 96.0 96.0 107.0 113.0 113.0 136.0 136.0 189.0 189.0 218.0 185.0 144.0 121.0 116.0 109.0 112.0 143.0 170.0 170.0 229.0 208.0 208.0 140.0 140.0 101.0 114.0 96.0 96.0 124.0 148.0 160.0 160.0 105.0 105.0 128.0 128.0 187.0 121.0 121.0 76.0 76.0 53.0 53.0 53.0 83.0 52.0 52.0 41.0 58.0 65.0 86.0 68.0 68.0 57.0 57.0 49.0 58.0 58.0 55.0 55.0 62.0 82.0 82.0 98.0 102.0 102.0 134.0 230.0 230.0 238.0 238.0 201.0 201.0 147.0 120.0 178.0
71.0 74.0 69.0 96.0 73.0 80.0 80.0 136.0 136.0 113.0 154.0 154.0 161.0 189.0 189.0 218.0 218.0 185.0 144.0 115.0 118.0 139.0 143.0 170.0 229.0 229.0 244.0 189.0 189.0 168.0 121.0 121.0 123.0 122.0 150.0 148.0 179.0 180.0 180.0 183.0 172.0 187.0 187.0 103.0 76.0 76.0 65.0 65.0 77.0 83.0 83.0 83.0 83.0 67.0 67.0 83.0 86.0 86.0 67.0 67.0 57.0 57.0 80.0 55.0 55.0 54.0 65.0 71.0 83.0 83.0 102.0 102.0 134.0 142.0 178.0 178.0 186.0 186.0 186.0 147.0 138.0 138.0
74.0 88.0 88.0 96.0 96.0 80.0 80.0 136.0 141.0 161.0 154.0 161.0 161.0 194.0 194.0 218.0 187.0 187.0 158.0 158.0 140.0 140.0 143.0 143.0 264.0 264.0 250.0 244.0 168.0 168.0 144.0 144.0 122.0 142.0 150.0 150.0 179.0 179.0 180.0 183.0 183.0 202.0 144.0 103.0 103.0 65.0 65.0 65.0 77.0 101.0 101.0 83.0 77.0 67.0 67.0 92.0 90.0 89.0 84.0 83.0 83.0 93.0 80.0 80.0 59.0 54.0 57.0 58.0 83.0 83.0 102.0 102.0 134.0 142.0 178.0 141.0 141.0 136.0 186.0 116.0 116.0 138.0
82.0 103.0 103.0 121.0 121.0 132.0 132.0 141.0 161.0 161.0 161.0 191.0 233.0 246.0 255.0 255.0 187.0 180.0 180.0 128.0 128.0 140.0 153.0 264.0 264.0 264.0 250.0 229.0 229.0 147.0 147.0 144.0 144.0 142.0 142.0 142.0 245.0 210.0 210.0 209.0 190.0 190.0 144.0 103.0 103.0 65.0 65.0 65.0 106.0 101.0 101.0 102.0 77.0 77.0 77.0 92.0 100.0 96.0 92.0 83.0 93.0 98.0 80.0 80.0 59.0 59.0 58.0 62.0 62.0 64.0 64.0 134.0 134.0 142.0 103.0 141.0 136.0 136.0 115.0 126.0 126.0 126.0
82.0 103.0 103.0 148.0 148.0 132.0 132.0 164.0 164.0 161.0 191.0 191.0 191.0 246.0 255.0 253.0 253.0 284.0 284.0 128.0 128.0 153.0 153.0 297.0 297.0 297.0 250.0 250.0 250.0 171.0 171.0 171.0 144.0 142.0 142.0 245.0 245.0 245.0 210.0 214.0 190.0 153.0 79.0 79.0 103.0 89.0 65.0 106.0 106.0 106.0 102.0 102.0 105.0 77.0 77.0 100.0 100.0 96.0 96.0 114.0 93.0 98.0 80.0 80.0 59.0 74.0 74.0 62.0 62.0 64.0 66.0 66.0 84.0 84.0 103.0 103.0 115.0 98.0 101.0 125.0 125.0 125.0
