code_hw01/nn.asc
NCOLS 515
NROWS 575
XLLCORNER 587311.826320024
YLLCORNER 137646.940111098
CELLSIZE 200.0
NODATA_VALUE -9999
[rows 198 to 230 of 575, columns 370 to 443 of 515]
1913.2 1913.2 2051.8 2051.8 2051.8 2051.8 2051.8 2100.4 2100.4 2100.4 2100.4 2100.4 1658.5 1658.5 1658.5 1658.5 1658.5 1658.5 1658.5 1658.5 1658.5 1658.5 1658.5 1658.5 1809.8 1809.8 1809.8 1809.8 1809.8 1809.8 1809.8 1809.8 1809.8 1417.5 1417.5 1417.5 1417.5 1417.5 1417.5 1417.5 1417.5 1417.5 1417.5 1494.5 1494.5 1494.5 1494.5 1551.4 1551.4 1551.4 1551.4 1551.4 1551.4 1551.4 1551.4 1551.4 1552.0 1552.0 1552.0 1625.1 1625.1 1625.1 1625.1 2201.8 2619.1 2619.1 2619.1 2619.1 2619.1 2619.1 2619.1 2619.1 2619.1 2619.1
1913.2 1913.2 2051.8 2051.8 2051.8 2051.8 2100.4 2100.4 2100.4 2100.4 2100.4 2100.4 1658.5 1658.5 1658.5 1658.5 1658.5 1658.5 1658.5 1658.5 1658.5 1658.5 1658.5 1658.5 1809.8 1809.8 1809.8 1809.8 1809.8 1809.8 1809.8 1809.8 1809.8 1809.8 1417.5 1417.5 1417.5 1417.5 1417.5 1417.5 1417.5 1417.5 1417.5 1417.5 1494.5 1494.5 1551.4 1551.4 1551.4 1551.4 1551.4 1551.4 1551.4 1551.4 1551.4 1551.4 1549.1 1549.1 1549.1 1549.1 1549.1 1549.1 1549.1 2619.1 2619.1 2619.1 2619.1 2619.1 2619.1 2619.1 2619.1 2619.1 2619.1 2619.1
1913.2 1913.2 2051.8 2051.8 2100.4 2100.4 2100.4 2100.4 2100.4 2100.4 2100.4 2100.4 1658.5 1658.5 1658.5 1658.5 1658.5 1658.5 1658.5 1658.5 1658.5 1658.5 1658.5 1809.8 1809.8 1809.8 1809.8 1809.8 1809.8 1809.8 1809.8 1809.8 1809.8 1809.8 1809.8 1417.5 1417.5 1417.5 1417.5 1417.5 1417.5 1417.5 1417.5 1417.5 1417.5 1494.5 1551.4 1551.4 1551.4 1551.4 1551.4 1551.4 1551.4 1551.4 1549.1 1549.1 1549.1 1549.1 1549.1 1549.1 1549.1 1549.1 1549.1 1549.1 2619.1 2619.1 2619.1 2619.1 2619.1 2619.1 2619.1 2619.1 2619.1 2619.1
1842.4 1842.4 2100.4 2100.4 2100.4 2100.4 2100.4 2100.4 2100.4 2100.4 2100.4 2100.4 2100.4 1658.5 1658.5 1658.5 1658.5 1658.5 1658.5 1658.5 1658.5 1658.5 1658.5 1809.8 1809.8 1809.8 1809.8 1809.8 1809.8 1809.8 1809.8 1809.8 1809.8 1809.8 1809.8 1809.8 1417.5 1417.5 1417.5 1417.5 1417.5 1417.5 1417.5 1417.5 1417.5 1551.4 1551.4 1551.4 1551.4 1551.4 1551.4 1551.4 1551.4 1549.1 1549.1 1549.1 1549.1 1549.1 1549.1 1549.1 1549.1 1549.1 1549.1 1549.1 2619.1 2619.1 2619.1 2619.1 2619.1 2619.1 2619.1 2619.1 2619.1 2619.1
1842.4 1842.4 2103.6 2103.6 2103.6 2100.4 2100.4 2100.4 2100.4 2100.4 2100.4 2100.4 2100.4 1658.5 1658.5 1658.5 1658.5 1658.5 1658.5 1658.5 1658.5 1658.5 1658.5 1809.8 1809.8 1809.8 1809.8 1809.8 1809.8 1809.8 1809.8 1809.8 1809.8 1809.8 1809.8 1809.8 1809.8 1417.5 1417.5 1417.5 1417.5 1417.5 1417.5 1417.5 1417.5 1551.4 1551.4 1551.4 1551.4 1551.4 1551.4 1974.7 1549.1 1549.1 1549.1 1549.1 1549.1 1549.1 1549.1 1549.1 1549.1 1549.1 1549.1 1549.1 2619.1 2619.1 2619.1 2619.1 2619.1 2619.1 2619.1 2619.1 2619.1 2619.1
1842.4 1842.4 2103.6 2103.6 2103.6 2103.6 2103.6 2103.6 2100.4 2100.4 2100.4 2100.4 2100.4 1658.5 1658.5 1658.5 1658.5 1658.5 1658.5 1658.5 1658.5 1658.5 1658.5 1809.8 1809.8 1809.8 1809.8 1809.8 1809.8 1809.8 1809.8 1809.8 1809.8 1809.8 1809.8 1809.8 1809.8 1809.8 1417.5 1417.5 1417.5 1417.5 1417.5 1969.6 1969.6 1969.6 1551.4 1974.7 1974.7 1974.7 1974.7 1974.7 1974.7 1974.7 1974.7 1549.1 1549.1 1549.1 1549.1 1549.1 1549.1 1549.1 1549.1 1549.1 2619.1 2619.1 2619.1 2619.1 2619.1 2619.1 2619.1 2619.1 2619.1 2619.1
1842.4 1842.4 2103.6 2103.6 2103.6 2103.6 2103.6 2103.6 2103.6 2103.6 2103.6 2103.6 2100.4 1658.5 1658.5 1658.5 1658.5 1658.5 1658.5 1658.5 1658.5 1658.5 1809.8 1809.8 1809.8 1809.8 1809.8 1809.8 1809.8 1809.8 1809.8 1809.8 1809.8 1809.8 1809.8 1809.8 1809.8 1809.8 1969.6 1969.6 1969.6 1969.6 1969.6 1969.6 1969.6 1969.6 1974.7 1974.7 1974.7 1974.7 1974.7 1974.7 1974.7 1974.7 1974.7 1974.7 1974.7 1974.7 1974.7 1549.1 1549.1 1549.1 1549.1 1549.1 2619.1 2619.1 2619.1 2619.1 2619.1 2619.1 2619.1 2619.1 2619.1 2619.1
1842.4 1842.4 2103.6 2103.6 2103.6 2103.6 2103.6 2103.6 2103.6 2103.6 2103.6 2103.6 2103.6 2103.6 1658.5 1658.5 1658.5 1658.5 1658.5 1658.5 1658.5 1658.5 1809.8 1809.8 1809.8 1809.8 1809.8 1809.8 1809.8 1809.8 1809.8 1809.8 1809.8 1809.8 1809.8 1809.8 1809.8 1969.6 1969.6 1969.6 1969.6 1969.6 1969.6 1969.6 1969.6 1969.6 1969.6 1974.7 1974.7 1974.7 1974.7 1974.7 1974.7 1974.7 1974.7 1974.7 1974.7 1974.7 1974.7 1974.7 1974.7 1974.7 1549.1 1549.1 1549.1 2359.4 2359.4 2359.4 2359.4 2359.4 2359.4 2359.4 2359.4 2865.3
1842.4 1842.4 2103.6 2103.6 2103.6 2103.6 2103.6 2103.6 2103.6 2103.6 2103.6 2103.6 2103.6 2103.6 1658.5 1658.5 1658.5 1658.5 1658.5 1658.5 1658.5 1995.2 1995.2 1809.8 1809.8 1809.8 1809.8 1809.8 1809.8 1809.8 1809.8 1809.8 1809.8 1809.8 1809.8 1809.8 1969.6 1969.6 1969.6 1969.6 1969.6 1969.6 1969.6 1969.6 1969.6 1969.6 1969.6 1974.7 1974.7 1974.7 1974.7 1974.7 1974.7 1974.7 1974.7 1974.7 1974.7 1974.7 1974.7 1974.7 1974.7 1974.7 1974.7 1974.7 2359.4 2359.4 2359.4 2359.4 2359.4 2359.4 2359.4 2359.4 2359.4 2359.4
1842.4 1842.4 2103.6 2103.6 2103.6 2103.6 2103.6 2103.6 2103.6 2103.6 2103.6 2103.6 2103.6 2103.6 2103.6 1658.5 1658.5 1658.5 1658.5 1995.2 1995.2 1995.2 1995.2 1995.2 1995.2 1809.8 1809.8 1809.8 1809.8 1809.8 1809.8 1809.8 1809.8 1809.8 1809.8 1969.6 1969.6 1969.6 1969.6 1969.6 1969.6 1969.6 1969.6 1969.6 1969.6 1969.6 1969.6 1974.7 1974.7 1974.7 1974.7 1974.7 1974.7 1974.7 1974.7 1974.7 1974.7 1974.7 1974.7 1974.7 1974.7 1974.7 1974.7 1974.7 2359.4 2359.4 2359.4 2359.4 2359.4 2359.4 2359.4 2359.4 2359.4 2359.4
1842.4 2103.6 2103.6 2103.6 2103.6 2103.6 2103.6 2103.6 2103.6 2103.6 2103.6 2103.6 2103.6 2103.6 2103.6 1658.5 1658.5 1995.2 1995.2 1995.2 1995.2 1995.2 1995.2 1995.2 1995.2 1995.2 1995.2 1809.8 1809.8 1809.8 1809.8 1809.8 1809.8 1809.8 1969.6 1969.6 1969.6 1969.6 1969.6 1969.6 1969.6 1969.6 1969.6 1969.6 1969.6 1969.6 1969.6 1969.6 1974.7 1974.7 1974.7 1974.7 1974.7 1974.7 1974.7 1974.7 1974.7 1974.7 1974.7 1974.7 1974.7 1974.7 1974.7 2359.4 2359.4 2359.4 2359.4 2359.4 2359.4 2359.4 2359.4 2359.4 2359.4 2359.4
1842.4 2103.6 2103.6 2103.6 2103.6 2103.6 2103.6 2103.6 2103.6 2103.6 2103.6 2103.6 2103.6 2103.6 2103.6 2103.6 1995.2 1995.2 1995.2 1995.2 1995.2 1995.2 1995.2 1995.2 1995.2 1995.2 1995.2 1995.2 1995.2 1995.2 1809.8 1809.8 1809.8 1969.6 1969.6 1969.6 1969.6 1969.6 1969.6 1969.6 1969.6 1969.6 1969.6 1969.6 1969.6 1969.6 1969.6 1969.6 1974.7 1974.7 1974.7 1974.7 1974.7 1974.7 1974.7 1974.7 1974.7 1974.7 1974.7 1974.7 1974.7 1974.7 1974.7 2359.4 2359.4 2359.4 2359.4 2359.4 2359.4 2359.4 2359.4 2359.4 2359.4 2359.4
1842.4 2103.6 2103.6 2103.6 2103.6 2103.6 2103.6 2103.6 2103.6 2103.6 2103.6 2103.6 2103.6 2103.6 2103.6 1995.2 1995.2 1995.2 1995.2 1995.2 1995.2 1995.2 1995.2 1995.2 1995.2 1995.2 1995.2 1995.2 1995.2 1995.2 1995.2 1995.2 1969.6 1969.6 1969.6 1969.6 1969.6 1969.6 1969.6 1969.6 1969.6 1969.6 1969.6 1969.6 1969.6 1969.6 1969.6 1969.6 1969.6 1974.7 1974.7 1974.7 1974.7 1974.7 1974.7 1974.7 1974.7 1974.7 1974.7 1974.7 1974.7 1974.7 1974.7 2359.4 2359.4 2359.4 2359.4 2359.4 2359.4 2359.4 2359.4 2359.4 2359.4 2359.4
2059.3 2059.3 2059.3 2103.6 2103.6 2103.6 2103.6 2103.6 2103.6 2103.6 2103.6 2103.6 2103.6 2103.6 2103.6 1995.2 1995.2 1995.2 1995.2 1995.2 1995.2 1995.2 1995.2 1995.2 1995.2 1995.2 1995.2 1995.2 1995.2 1995.2 1995.2 1995.2 1969.6 1969.6 1969.6 1969.6 1969.6 1969.6 1969.6 1969.6 1969.6 1969.6 1969.6 1969.6 1969.6 1969.6 1969.6 1969.6 1969.6 1974.7 1974.7 1974.7 1974.7 1974.7 1974.7 1974.7 1974.7 1974.7 1974.7 1974.7 1974.7 1974.7 2359.4 2359.4 2359.4 2359.4 2359.4 2359.4 2359.4 2359.4 2359.4 2359.4 2359.4 2359.4
2059.3 2059.3 2059.3 2059.3 2059.3 2103.6 2103.6 2103.6 2103.6 2103.6 2103.6 2103.6 2103.6 2103.6 1995.2 1995.2 1995.2 1995.2 1995.2 1995.2 1995.2 1995.2 1995.2 1995.2 1995.2 1995.2 1995.2 1995.2 1995.2 1995.2 1995.2 1995.2 1969.6 1969.6 1969.6 1969.6 1969.6 1969.6 1969.6 1969.6 1969.6 1969.6 1969.6 1969.6 1969.6 1969.6 1969.6 1969.6 1969.6 1969.6 1974.7 1974.7 1974.7 1974.7 1974.7 1974.7 1974.7 1974.7 1974.7 1974.7 1974.7 2169.4 2169.4 2359.4 2359.4 2359.4 2359.4 2359.4 2359.4 2359.4 2359.4 2359.4 2359.4 2359.4
2059.3 2059.3 2059.3 2059.3 2059.3 2059.3 2059.3 2059.3 2103.6 2103.6 2103.6 2103.6 2103.6 2103.6 1995.2 1995.2 1995.2 1995.2 1995.2 1995.2 1995.2 1995.2 1995.2 1995.2 1995.2 1995.2 1995.2 1995.2 1995.2 1995.2 1995.2 1995.2 1969.6 1969.6 1969.6 1969.6 1969.6 1969.6 1969.6 1969.6 1969.6 1969.6 1969.6 1969.6 1969.6 1969.6 1969.6 1969.6 1969.6 2185.5 2185.5 2185.5 2185.5 2185.5 2185.5 1974.7 1974.7 1974.7 1974.7 2169.4 2169.4 2169.4 2169.4 2169.4 2169.4 2359.4 2359.4 2359.4 2359.4 2359.4 2359.4 2359.4 2359.4 2359.4
2059.3 2059.3 2059.3 2059.3 2059.3 2059.3 2059.3 2059.3 2059.3 2059.3 2059.3 2103.6 2103.6 1995.2 1995.2 1995.2 1995.2 1995.2 1995.2 1995.2 1995.2 1995.2 1995.2 1995.2 1995.2 1995.2 1995.2 1995.2 1995.2 1995.2 1995.2 1995.2 1969.6 1969.6 1969.6 1969.6 1969.6 1969.6 1969.6 1969.6 1969.6 1969.6 1969.6 1969.6 1969.6 1969.6 1969.6 1969.6 2185.5 2185.5 2185.5 2185.5 2185.5 2185.5 2185.5 2185.5 2185.5 2185.5 2169.4 2169.4 2169.4 2169.4 2169.4 2169.4 2169.4 2169.4 2359.4 2359.4 2359.4 2359.4 2359.4 2359.4 2359.4 2359.4
2059.3 2059.3 2059.3 2059.3 2059.3 2059.3 2059.3 2059.3 2059.3 2059.3 2059.3 2059.3 2059.3 1995.2 1995.2 1995.2 1995.2 1995.2 1995.2 1995.2 1995.2 1995.2 1995.2 1995.2 1995.2 1995.2 1995.2 1995.2 1995.2 1995.2 1995.2 1995.2 1969.6 1969.6 1969.6 1969.6 1969.6 1969.6 1969.6 1969.6 1969.6 1969.6 1969.6 1969.6 1969.6 1969.6 1969.6 1969.6 2185.5 2185.5 2185.5 2185.5 2185.5 2185.5 2185.5 2185.5 2185.5 2185.5 2169.4 2169.4 2169.4 2169.4 2169.4 2169.4 2169.4 2169.4 2169.4 2169.4 2359.4 2359.4 2359.4 2359.4 2359.4 2359.4
2059.3 2059.3 2059.3 2059.3 2059.3 2059.3 2059.3 2059.3 2059.3 2059.3 2059.3 2059.3 2059.3 1995.2 1995.2 1995.2 1995.2 1995.2 1995.2 1995.2 1995.2 1995.2 1995.2 1995.2 1995.2 1995.2 1995.2 1995.2 1995.2 1995.2 1995.2 1995.2 1969.6 1969.6 1969.6 1969.6 1969.6 1969.6 1969.6 1969.6 1969.6 1969.6 1969.6 1969.6 1969.6 1969.6 1969.6 2185.5 2185.5 2185.5 2185.5 2185.5 2185.5 2185.5 2185.5 2185.5 2185.5 2185.5 2169.4 2169.4 2169.4 2169.4 2169.4 2169.4 2169.4 2169.4 2169.4 2169.4 2169.4 2359.4 2359.4 2359.4 2804.5 2804.5
2059.3 2059.3 2059.3 2059.3 2059.3 2059.3 2059.3 2059.3 2059.3 2059.3 2059.3 2059.3 2059.3 1995.2 1995.2 1995.2 1995.2 1995.2 1995.2 1995.2 1995.2 1995.2 1995.2 1995.2 1995.2 1995.2 1995.2 1995.2 1995.2 1995.2 1995.2 1995.2 1969.6 1969.6 1969.6 1969.6 1969.6 1969.6 1969.6 1969.6 1969.6 1969.6 1969.6 1969.6 1969.6 1969.6 1969.6 2185.5 2185.5 2185.5 2185.5 2185.5 2185.5 2185.5 2185.5 2185.5 2185.5 2185.5 2185.5 2169.4 2169.4 2169.4 2169.4 2169.4 2169.4 2169.4 2169.4 2169.4 2169.4 2169.4 2804.5 2804.5 2804.5 2804.5
2059.3 2059.3 2059.3 2059.3 2059.3 2059.3 2059.3 2059.3 2059.3 2059.3 2059.3 2059.3 2059.3 2059.3 1995.2 1995.2 1995.2 1995.2 1995.2 1995.2 1995.2 1995.2 1995.2 1995.2 1995.2 1995.2 1995.2 1995.2 1995.2 1995.2 1995.2 1995.2 1995.2 1969.6 1969.6 1969.6 1969.6 1969.6 1969.6 1969.6 1969.6 1969.6 1969.6 1969.6 1969.6 1969.6 2185.5 2185.5 2185.5 2185.5 2185.5 2185.5 2185.5 2185.5 2185.5 2185.5 2185.5 2185.5 1786.8 1786.8 2169.4 2169.4 2169.4 2169.4 2169.4 2169.4 2169.4 2169.4 2169.4 2169.4 2804.5 2804.5 2804.5 2804.5
2059.3 2059.3 2059.3 2059.3 2059.3 2059.3 2059.3 2059.3 2059.3 2059.3 2059.3 2059.3 2059.3 1068.8 1995.2 1995.2 1995.2 1995.2 1995.2 1995.2 1995.2 1995.2 1995.2 1995.2 1995.2 1995.2 1995.2 1995.2 1995.2 1995.2 1995.2 1995.2 1995.2 1969.6 1969.6 1969.6 1969.6 1969.6 1969.6 1969.6 1969.6 1969.6 1969.6 1969.6 1969.6 2185.5 2185.5 2185.5 2185.5 2185.5 2185.5 2185.5 2185.5 2185.5 2185.5 2185.5 2185.5 2185.5 1786.8 1786.8 1786.8 2169.4 2169.4 2169.4 2169.4 2169.4 2169.4 2169.4 2169.4 2169.4 2804.5 2804.5 2804.5 2804.5
2059.3 2059.3 2059.3 2059.3 2059.3 2059.3 2059.3 2059.3 2059.3 2059.3 1937.9 1937.9 1937.9 1068.8 1068.8 1068.8 1995.2 1995.2 1995.2 1995.2 1995.2 1995.2 1995.2 1995.2 1995.2 1995.2 1995.2 1995.2 1995.2 1995.2 1873.9 1873.9 1873.9 1969.6 1969.6 1969.6 1969.6 1969.6 1969.6 1969.6 1969.6 1969.6 1969.6 1969.6 1969.6 2185.5 2185.5 2185.5 2185.5 2185.5 2185.5 2185.5 2185.5 2185.5 2185.5 2185.5 2185.5 2185.5 1786.8 1786.8 1786.8 1786.8 2169.4 2169.4 2169.4 2169.4 2169.4 2169.4 2169.4 2169.4 2804.5 2804.5 2804.5 2804.5
2059.3 2059.3 2059.3 2059.3 2059.3 2059.3 1937.9 1937.9 1937.9 1937.9 1937.9 1937.9 1068.8 1068.8 1068.8 1068.8 1068.8 1068.8 1995.2 1995.2 1995.2 1995.2 1995.2 1873.9 1873.9 1873.9 1873.9 1873.9 1873.9 1873.9 1873.9 1873.9 1873.9 1873.9 1969.6 1969.6 1969.6 1969.6 1969.6 1969.6 1969.6 1969.6 1969.6 1969.6 2185.5 2185.5 2185.5 2185.5 2185.5 2185.5 2185.5 2185.5 2185.5 2185.5 2185.5 2185.5 2185.5 2185.5 1786.8 1786.8 1786.8 1786.8 1786.8 2169.4 2169.4 2169.4 2169.4 2169.4 2169.4 2169.4 2804.5 2804.5 2804.5 2804.5
2059.3 2059.3 1937.9 1937.9 1937.9 1937.9 1937.9 1937.9 1937.9 1937.9 1937.9 1937.9 1068.8 1068.8 1068.8 1068.8 1068.8 1068.8 1068.8 1873.9 1873.9 1873.9 1873.9 1873.9 1873.9 1873.9 1873.9 1873.9 1873.9 1873.9 1873.9 1873.9 1873.9 1873.9 1873.9 1969.6 1969.6 1969.6 1969.6 1969.6 1969.6 1969.6 1567.4 1567.4 1567.4 1567.4 2185.5 2185.5 2185.5 2185.5 2185.5 2185.5 2185.5 2185.5 2185.5 2185.5 2185.5 1786.8 1786.8 1786.8 1786.8 1786.8 1786.8 1786.8 2169.4 2169.4 2169.4 2169.4 2169.4 2804.5 2804.5 2804.5 2804.5 2804.5
1937.9 1937.9 1937.9 1937.9 1937.9 1937.9 1937.9 1937.9 1937.9 1937.9 1937.9 1068.8 1068.8 1068.8 1068.8 1068.8 1068.8 1068.8 1068.8 1873.9 1873.9 1873.9 1873.9 1873.9 1873.9 1873.9 1873.9 1873.9 1873.9 1873.9 1873.9 1873.9 1873.9 1873.9 1873.9 1873.9 1969.6 1969.6 1969.6 1969.6 1567.4 1567.4 1567.4 1567.4 1567.4 1567.4 1567.4 2185.5 2185.5 2185.5 2185.5 2185.5 2185.5 2185.5 2185.5 2185.5 2185.5 1786.8 1786.8 1786.8 1786.8 1786.8 1786.8 1786.8 1786.8 2169.4 2169.4 2169.4 2169.4 2804.5 2804.5 2804.5 2804.5 2804.5
1937.9 1937.9 1937.9 1937.9 1937.9 1937.9 1937.9 1937.9 1937.9 1937.9 1937.9 1068.8 1068.8 1068.8 1068.8 1068.8 1068.8 1068.8 1068.8 1068.8 1873.9 1873.9 1873.9 1873.9 1873.9 1873.9 1873.9 1873.9 1873.9 1873.9 1873.9 1873.9 1873.9 1873.9 1873.9 1873.9 1873.9 1873.9 1567.4 1567.4 1567.4 1567.4 1567.4 1567.4 1567.4 1567.4 1567.4 1567.4 1567.4 2185.5 2185.5 2185.5 2185.5 2185.5 2185.5 2185.5 2185.5 1786.8 1786.8 1786.8 1786.8 1786.8 1786.8 1786.8 1786.8 1786.8 2169.4 2169.4 2169.4 2804.5 2804.5 2804.5 2804.5 2804.5
1937.9 1937.9 1937.9 1937.9 1937.9 1937.9 1937.9 1937.9 1937.9 1937.9 1068.8 1068.8 1068.8 1068.8 1068.8 1068.8 1068.8 1068.8 1068.8 1068.8 1873.9 1873.9 1873.9 1873.9 1873.9 1873.9 1873.9 1873.9 1873.9 1873.9 1873.9 1873.9 1873.9 1873.9 1873.9 1873.9 1873.9 1873.9 1567.4 1567.4 1567.4 1567.4 1567.4 1567.4 1567.4 1567.4 1567.4 1567.4 1567.4 1567.4 2185.5 2185.5 2185.5 2185.5 2185.5 2185.5 1786.8 1786.8 1786.8 1786.8 1786.8 1786.8 1786.8 1786.8 1786.8 1786.8 1786.8 2169.4 2169.4 2804.5 2804.5 2804.5 2804.5 2804.5
1937.9 1937.9 1937.9 1937.9 1937.9 1937.9 1937.9 1937.9 1937.9 1937.9 1068.8 1068.8 1068.8 1068.8 1068.8 1068.8 1068.8 1068.8 1068.8 1068.8 1873.9 1873.9 1873.9 1873.9 1873.9 1873.9 1873.9 1873.9 1873.9 1873.9 1873.9 1873.9 1873.9 1873.9 1873.9 1873.9 1873.9 1873.9 1567.4 1567.4 1567.4 1567.4 1567.4 1567.4 1567.4 1567.4 1567.4 1567.4 1567.4 1567.4 1567.4 1567.4 2185.5 2185.5 2185.5 2185.5 1786.8 1786.8 1786.8 1786.8 1786.8 1786.8 1786.8 1786.8 1786.8 1786.8 1786.8 1307.1 1307.1 1307.1 1307.1 1307.1 1307.1 2804.5
1937.9 1937.9 1937.9 1937.9 1937.9 1937.9 1937.9 1937.9 1937.9 1937.9 1068.8 1068.8 1068.8 1068.8 1068.8 1068.8 1068.8 1068.8 1068.8 1068.8 1873.9 1873.9 1873.9 1873.9 1873.9 1873.9 1873.9 1873.9 1873.9 1873.9 1873.9 1873.9 1873.9 1873.9 1873.9 1873.9 1873.9 1567.4 1567.4 1567.4 1567.4 1567.4 1567.4 1567.4 1567.4 1567.4 1567.4 1567.4 1567.4 1567.4 1567.4 1567.4 1567.4 2185.5 2185.5 2185.5 1786.8 1786.8 1786.8 1786.8 1786.8 1786.8 1786.8 1786.8 1786.8 1786.8 1786.8 1307.1 1307.1 1307.1 1307.1 1307.1 1307.1 1307.1
1937.9 1937.9 1937.9 1937.9 1937.9 1937.9 1937.9 1937.9 1937.9 1068.8 1068.8 1068.8 1068.8 1068.8 1068.8 1068.8 1068.8 1068.8 1068.8 1068.8 1873.9 1873.9 1873.9 1873.9 1873.9 1873.9 1873.9 1873.9 1873.9 1873.9 1873.9 1873.9 1873.9 1873.9 1873.9 1873.9 1873.9 1567.4 1567.4 1567.4 1567.4 1567.4 1567.4 1567.4 1567.4 1567.4 1567.4 1567.4 1567.4 1567.4 1567.4 1567.4 1567.4 1567.4 1567.4 2185.5 1786.8 1786.8 1786.8 1786.8 1786.8 1786.8 1786.8 1786.8 1786.8 1786.8 1307.1 1307.1 1307.1 1307.1 1307.1 1307.1 1307.1 1307.1
1937.9 1937.9 1937.9 1937.9 1937.9 1937.9 1937.9 1937.9 1937.9 1068.8 1068.8 1068.8 1068.8 1068.8 1068.8 1068.8 1068.8 1068.8 1068.8 1068.8 1068.8 1873.9 1873.9 1873.9 1873.9 1873.9 1873.9 1873.9 1873.9 1873.9 1873.9 1873.9 1873.9 1873.9 1873.9 1873.9 1873.9 1567.4 1567.4 1567.4 1567.4 1567.4 1567.4 1567.4 1567.4 1567.4 1567.4 1567.4 1567.4 1567.4 1567.4 1567.4 1567.4 1567.4 1567.4 1567.4 1786.8 1786.8 1786.8 1786.8 1786.8 1786.8 1786.8 1786.8 1165.0 1165.0 1307.1 1307.1 1307.1 1307.1 1307.1 1307.1 1307.1 1307.1
1937.9 1937.9 1937.9 1937.9 1937.9 1937.9 1937.9 1937.9 1068.8 1068.8 1068.8 1068.8 1068.8 1068.8 1068.8 1068.8 1068.8 1068.8 1068.8 1068.8 1068.8 1873.9 1873.9 1873.9 1873.9 1873.9 1873.9 1873.9 1873.9 1873.9 1873.9 1873.9 1873.9 1873.9 1873.9 2080.0 2080.0 2080.0 1567.4 1567.4 1567.4 1567.4 1567.4 1567.4 1567.4 1567.4 1567.4 1567.4 1567.4 1567.4 1567.4 1567.4 1567.4 1567.4 1567.4 1567.4 1786.8 1786.8 1786.8 1786.8 1786.8 1786.8 1165.0 1165.0 1165.0 1165.0 1165.0 1307.1 1307.1 1307.1 1307.1 1307.1 1307.1 1307.1
