code_hw01/nn.asc
NCOLS 515
NROWS 575
XLLCORNER 587311.826320024
YLLCORNER 137646.940111098
CELLSIZE 200.0
NODATA_VALUE -9999
[rows 165 to 197 of 575, columns 370 to 443 of 515]
1722.8 1480.3 1480.3 1480.3 1480.3 1480.3 1480.3 1480.3 1480.3 1480.3 1480.3 1480.3 1480.3 1480.3 2097.9 2097.9 2097.9 2097.9 2097.9 2097.9 2097.9 2097.9 2097.9 2097.9 2097.9 2097.9 2423.9 2423.9 2423.9 2423.9 2423.9 2423.9 2423.9 2423.9 2423.9 2423.9 2423.9 2261.1 2261.1 2261.1 2261.1 2261.1 2261.1 2261.1 2261.1 2261.1 2414.8 2414.8 2414.8 2414.8 2414.8 2414.8 2414.8 2414.8 2414.8 2414.8 2414.8 2414.8 2414.8 2414.8 2647.0 2647.0 2647.0 2647.0 2943.7 2943.7 2943.7 2943.7 2943.7 2943.7 2943.7 2943.7 2943.7 2943.7
1722.8 1480.3 1480.3 1480.3 1480.3 1480.3 1480.3 1480.3 1480.3 1480.3 1480.3 1480.3 1480.3 1480.3 1480.3 2097.9 2097.9 2097.9 2097.9 2097.9 2097.9 2097.9 2097.9 2097.9 2097.9 2097.9 2423.9 2423.9 2423.9 2423.9 2423.9 2423.9 2423.9 2423.9 2423.9 2423.9 2423.9 2261.1 2261.1 2261.1 2261.1 2261.1 2261.1 2261.1 2261.1 2261.1 2414.8 2414.8 2414.8 2414.8 2414.8 2414.8 2414.8 2414.8 2414.8 2414.8 2414.8 2414.8 2414.8 2414.8 2647.0 2647.0 2943.7 2943.7 2943.7 2943.7 2943.7 2943.7 2943.7 2943.7 2943.7 2943.7 2943.7 2943.7
1480.3 1480.3 1480.3 1480.3 1480.3 1480.3 1480.3 1480.3 1480.3 1480.3 1480.3 1480.3 2120.7 2120.7 2120.7 2120.7 2097.9 2097.9 2097.9 2097.9 2097.9 2097.9 2097.9 2097.9 2097.9 2097.9 2423.9 2423.9 2423.9 2423.9 2423.9 2423.9 2423.9 2423.9 2423.9 2423.9 2423.9 2261.1 2261.1 2261.1 2261.1 2261.1 2261.1 2261.1 2261.1 2261.1 2414.8 2414.8 2414.8 2414.8 2414.8 2414.8 2414.8 2414.8 2414.8 2414.8 2414.8 2414.8 2414.8 2414.8 2414.8 2943.7 2943.7 2943.7 2943.7 2943.7 2943.7 2943.7 2943.7 2943.7 2943.7 2943.7 2943.7 3003.3
1480.3 1480.3 1480.3 1480.3 1480.3 1480.3 1480.3 1480.3 1480.3 1480.3 2120.7 2120.7 2120.7 2120.7 2120.7 2120.7 2120.7 2097.9 2097.9 2097.9 2097.9 2097.9 2097.9 2097.9 2097.9 2250.3 2250.3 2250.3 2423.9 2423.9 2423.9 2423.9 2423.9 2423.9 2423.9 2423.9 2423.9 2261.1 2261.1 2261.1 2261.1 2261.1 2261.1 2261.1 2261.1 2261.1 2414.8 2414.8 2414.8 2414.8 2414.8 2414.8 2414.8 2414.8 2414.8 2414.8 2414.8 2414.8 2414.8 2414.8 2414.8 2943.7 2943.7 2943.7 2943.7 2943.7 2943.7 2943.7 2943.7 2943.7 2943.7 2943.7 3003.3 3003.3
1807.8 1807.8 1807.8 1480.3 1480.3 1480.3 1480.3 2120.7 2120.7 2120.7 2120.7 2120.7 2120.7 2120.7 2120.7 2120.7 2120.7 2120.7 2097.9 2097.9 2097.9 2097.9 2097.9 2250.3 2250.3 2250.3 2250.3 2250.3 2250.3 2250.3 2423.9 2423.9 2423.9 2423.9 2423.9 2423.9 2261.1 2261.1 2261.1 2261.1 2261.1 2261.1 2261.1 2261.1 2261.1 2261.1 2414.8 2414.8 2414.8 2414.8 2414.8 2414.8 2414.8 2414.8 2414.8 2414.8 2414.8 2414.8 2414.8 2414.8 2414.8 2943.7 2943.7 2943.7 2943.7 2943.7 2943.7 2943.7 2943.7 2943.7 2943.7 3003.3 3003.3 3003.3
1807.8 1807.8 1807.8 1807.8 1807.8 1807.8 1807.8 2120.7 2120.7 2120.7 2120.7 2120.7 2120.7 2120.7 2120.7 2120.7 2120.7 2120.7 2120.7 2097.9 2097.9 1470.7 2250.3 2250.3 2250.3 2250.3 2250.3 2250.3 2250.3 2250.3 2250.3 2250.3 2423.9 2423.9 2423.9 2423.9 2261.1 2261.1 2261.1 2261.1 2261.1 2261.1 2261.1 2261.1 2261.1 2414.8 2414.8 2414.8 2414.8 2414.8 2414.8 2414.8 2414.8 2414.8 2414.8 2414.8 2414.8 2414.8 2414.8 2414.8 2414.8 2943.7 2943.7 2943.7 2943.7 2943.7 2943.7 2943.7 2943.7 2943.7 2943.7 3003.3 3003.3 3003.3
1807.8 1807.8 1807.8 1807.8 1807.8 1807.8 1807.8 1807.8 2120.7 2120.7 2120.7 2120.7 2120.7 2120.7 2120.7 2120.7 2120.7 2120.7 2120.7 1470.7 1470.7 1470.7 1470.7 2250.3 2250.3 2250.3 2250.3 2250.3 2250.3 2250.3 2250.3 2250.3 2250.3 2250.3 2423.9 2423.9 2261.1 2261.1 2261.1 2261.1 2261.1 2261.1 2261.1 2261.1 2400.6 2400.6 2414.8 2414.8 2414.8 2414.8 2414.8 2414.8 2414.8 2414.8 2414.8 2414.8 2414.8 2414.8 2414.8 2414.8 2414.8 2943.7 2943.7 2943.7 2943.7 2943.7 2943.7 2943.7 2943.7 2943.7 3003.3 3003.3 3003.3 3003.3
1807.8 1807.8 1807.8 1807.8 1807.8 1807.8 1807.8 1807.8 1807.8 2120.7 2120.7 2120.7 2120.7 2120.7 2120.7 2120.7 2120.7 2120.7 2120.7 1470.7 1470.7 1470.7 1470.7 1470.7 2250.3 2250.3 2250.3 2250.3 2250.3 2250.3 2250.3 2250.3 2250.3 2250.3 2250.3 2250.3 2261.1 2261.1 2261.1 2261.1 2261.1 2400.6 2400.6 2400.6 2400.6 2400.6 2400.6 2414.8 2414.8 2414.8 2414.8 2414.8 2414.8 2414.8 2414.8 2414.8 2414.8 2414.8 2414.8 2414.8 2414.8 2943.7 2943.7 2943.7 2943.7 2943.7 2943.7 2943.7 2943.7 3003.3 3003.3 3003.3 3003.3 3003.3
1807.8 1807.8 1807.8 1807.8 1807.8 1807.8 1807.8 1807.8 1807.8 2120.7 2120.7 2120.7 2120.7 2120.7 2120.7 2120.7 2120.7 2120.7 1470.7 1470.7 1470.7 1470.7 1470.7 1470.7 2250.3 2250.3 2250.3 2250.3 2250.3 2250.3 2250.3 2250.3 2250.3 2250.3 2250.3 2250.3 2250.3 2250.3 2400.6 2400.6 2400.6 2400.6 2400.6 2400.6 2400.6 2400.6 2400.6 2400.6 2400.6 2414.8 2414.8 2414.8 2414.8 2414.8 2414.8 2414.8 2414.8 2414.8 2414.8 2414.8 2414.8 2943.7 2943.7 2943.7 2943.7 2943.7 2943.7 2943.7 3003.3 3003.3 3003.3 3003.3 3003.3 3003.3
1807.8 1807.8 1807.8 1807.8 1807.8 1807.8 1807.8 1807.8 1807.8 1807.8 2120.7 2120.7 2120.7 2120.7 2120.7 2120.7 2120.7 2120.7 1470.7 1470.7 1470.7 1470.7 1470.7 1470.7 1470.7 2250.3 2250.3 2250.3 2250.3 2250.3 2250.3 2250.3 2250.3 2250.3 2250.3 2250.3 2250.3 2250.3 2400.6 2400.6 2400.6 2400.6 2400.6 2400.6 2400.6 2400.6 2400.6 2400.6 2400.6 2400.6 2414.8 2414.8 2414.8 2414.8 2414.8 2414.8 2414.8 2414.8 2414.8 2414.8 2414.8 2414.8 2943.7 2943.7 2943.7 2943.7 2943.7 3003.3 3003.3 3003.3 3003.3 3003.3 3003.3 3003.3
1807.8 1807.8 1807.8 1807.8 1807.8 1807.8 1807.8 1807.8 1807.8 1807.8 1807.8 2120.7 2120.7 2120.7 2120.7 2120.7 2120.7 1470.7 1470.7 1470.7 1470.7 1470.7 1470.7 1470.7 1470.7 1470.7 2250.3 2250.3 2250.3 2250.3 2250.3 2250.3 2250.3 2250.3 2250.3 2250.3 2250.3 2400.6 2400.6 2400.6 2400.6 2400.6 2400.6 2400.6 2400.6 2400.6 2400.6 2400.6 2400.6 2400.6 2400.6 2414.8 2414.8 2414.8 2414.8 2414.8 2414.8 2414.8 2414.8 2414.8 2414.8 2414.8 2943.7 2943.7 2943.7 2943.7 3003.3 3003.3 3003.3 3003.3 3003.3 3003.3 3003.3 3003.3
1807.8 1807.8 1807.8 1807.8 1807.8 1807.8 1807.8 1807.8 1807.8 1807.8 1807.8 2120.7 2120.7 2120.7 2120.7 2120.7 2120.7 1470.7 1470.7 1470.7 1470.7 1470.7 1470.7 1470.7 1470.7 1470.7 1544.6 2250.3 2250.3 2250.3 2250.3 2250.3 2250.3 2250.3 2250.3 2250.3 2250.3 2400.6 2400.6 2400.6 2400.6 2400.6 2400.6 2400.6 2400.6 2400.6 2400.6 2400.6 2400.6 2400.6 2400.6 2400.1 2400.1 2400.1 2400.1 2400.1 2400.1 2400.1 2400.1 2414.8 2056.2 2056.2 2056.2 2051.6 2051.6 2051.6 2051.6 2051.6 2051.6 3003.3 3003.3 3003.3 3003.3 3003.3
1807.8 1807.8 1807.8 1807.8 1807.8 1807.8 1807.8 1807.8 1807.8 1807.8 1807.8 1807.8 2120.7 2120.7 2120.7 2120.7 1470.7 1470.7 1470.7 1470.7 1470.7 1470.7 1470.7 1470.7 1470.7 1544.6 1544.6 1544.6 2250.3 2250.3 2250.3 2250.3 2250.3 2250.3 2250.3 2250.3 2250.3 2400.6 2400.6 2400.6 2400.6 2400.6 2400.6 2400.6 2400.6 2400.6 2400.6 2400.6 2400.6 2400.6 2400.6 2400.1 2400.1 2400.1 2400.1 2400.1 2400.1 2400.1 2400.1 2400.1 2056.2 2056.2 2056.2 2051.6 2051.6 2051.6 2051.6 2051.6 2051.6 2051.6 2051.6 3003.3 3003.3 3003.3
1807.8 1807.8 1807.8 1807.8 1807.8 1807.8 1807.8 1807.8 1807.8 1807.8 1807.8 1807.8 1807.8 2120.7 2120.7 2120.7 1470.7 1470.7 1470.7 1470.7 1470.7 1470.7 1470.7 1470.7 1470.7 1544.6 1544.6 1544.6 1544.6 2250.3 2250.3 2250.3 2250.3 2250.3 2250.3 2250.3 2250.3 2400.6 2400.6 2400.6 2400.6 2400.6 2400.6 2400.6 2400.6 2400.6 2400.6 2400.6 2400.6 2400.6 2400.1 2400.1 2400.1 2400.1 2400.1 2400.1 2400.1 2400.1 2400.1 2056.2 2056.2 2056.2 2056.2 2056.2 2051.6 2051.6 2051.6 2051.6 2051.6 2051.6 2051.6 2051.6 2051.6 2051.6
1578.2 1578.2 1807.8 1807.8 1807.8 1807.8 1807.8 1807.8 1807.8 1807.8 1807.8 1807.8 1807.8 2120.7 2120.7 1470.7 1470.7 1470.7 1470.7 1470.7 1470.7 1470.7 1470.7 1470.7 1470.7 1544.6 1544.6 1544.6 1544.6 1544.6 2250.3 2250.3 2250.3 2250.3 2250.3 2250.3 2400.6 2400.6 2400.6 2400.6 2400.6 2400.6 2400.6 2400.6 2400.6 2400.6 2400.6 2400.6 2400.6 2400.1 2400.1 2400.1 2400.1 2400.1 2400.1 2400.1 2400.1 2400.1 2400.1 2056.2 2056.2 2056.2 2056.2 2056.2 2051.6 2051.6 2051.6 2051.6 2051.6 2051.6 2051.6 2051.6 2051.6 2051.6
1578.2 1578.2 1269.9 1269.9 1269.9 1269.9 1269.9 1269.9 1269.9 1269.9 1269.9 1269.9 1269.9 1269.9 1470.7 1470.7 1470.7 1470.7 1470.7 1470.7 1470.7 1470.7 1470.7 1470.7 1470.7 1544.6 1544.6 1544.6 1544.6 1544.6 1544.6 1544.6 2250.3 2250.3 2250.3 2250.3 2400.6 2400.6 2400.6 2400.6 2400.6 2400.6 2400.6 2400.6 2400.6 2400.6 2400.6 2400.6 2400.6 2400.1 2400.1 2400.1 2400.1 2400.1 2400.1 2400.1 2400.1 2400.1 2400.1 2056.2 2056.2 2056.2 2056.2 2056.2 2051.6 2051.6 2051.6 2051.6 2051.6 2051.6 2051.6 2051.6 2051.6 2051.6
1578.2 1578.2 1578.2 1269.9 1269.9 1269.9 1269.9 1269.9 1269.9 1269.9 1269.9 1269.9 1269.9 1269.9 1269.9 1470.7 1470.7 1470.7 1470.7 1470.7 1470.7 1470.7 1470.7 1470.7 1470.7 1544.6 1544.6 1544.6 1544.6 1544.6 1544.6 1544.6 1544.6 2250.3 2250.3 2250.3 2400.6 2400.6 2400.6 2400.6 2400.6 2400.6 2400.6 2400.6 2400.6 2400.6 2400.6 2400.6 2400.1 2400.1 2400.1 2400.1 2400.1 2400.1 2400.1 2400.1 2400.1 2400.1 2400.1 2056.2 2056.2 2056.2 2056.2 2056.2 2056.2 2051.6 2051.6 2051.6 2051.6 2051.6 2051.6 2051.6 2051.6 2051.6
1578.2 1578.2 1578.2 1269.9 1269.9 1269.9 1269.9 1269.9 1269.9 1269.9 1269.9 1269.9 1269.9 1269.9 1269.9 1470.7 1470.7 1470.7 1470.7 1470.7 1470.7 1470.7 1470.7 1470.7 1470.7 1544.6 1544.6 1544.6 1544.6 1544.6 1544.6 1098.2 1098.2 1098.2 1098.2 1098.2 2400.6 2400.6 2400.6 2400.6 2400.6 2400.6 2400.6 2400.6 2400.6 2400.6 2400.6 2400.1 2400.1 2400.1 2400.1 2400.1 2400.1 2400.1 2400.1 2400.1 2400.1 2400.1 2056.2 2056.2 2056.2 2056.2 2056.2 2056.2 2056.2 2051.6 2051.6 2051.6 2051.6 2051.6 2051.6 2051.6 2051.6 2051.6
1578.2 1578.2 1578.2 1269.9 1269.9 1269.9 1269.9 1269.9 1269.9 1269.9 1269.9 1269.9 1269.9 1269.9 1269.9 1269.9 1470.7 1470.7 1470.7 1470.7 1470.7 1470.7 1470.7 1470.7 1544.6 1544.6 1544.6 1544.6 1544.6 1098.2 1098.2 1098.2 1098.2 1098.2 1098.2 1098.2 1098.2 2400.6 2400.6 2400.6 2400.6 2400.6 2400.6 2400.6 2400.6 2400.6 2400.6 2400.1 2400.1 2400.1 2400.1 2400.1 2400.1 2400.1 2400.1 2400.1 2400.1 2400.1 2056.2 2056.2 2056.2 2056.2 2056.2 2056.2 2056.2 2056.2 2051.6 2051.6 2051.6 2051.6 2051.6 2051.6 2051.6 2051.6
1578.2 1578.2 1578.2 1269.9 1269.9 1269.9 1269.9 1269.9 1269.9 1269.9 1269.9 1269.9 1269.9 1269.9 1269.9 1269.9 1470.7 1470.7 1470.7 1470.7 1470.7 1470.7 1470.7 1470.7 1544.6 1544.6 1544.6 1098.2 1098.2 1098.2 1098.2 1098.2 1098.2 1098.2 1098.2 1098.2 1098.2 1098.2 2400.6 2400.6 2400.6 2400.6 2400.6 2400.6 2400.6 2400.6 2400.1 2400.1 2400.1 2400.1 2400.1 2400.1 2400.1 2400.1 2400.1 2400.1 2400.1 2400.1 2056.2 2056.2 2056.2 2056.2 2056.2 2056.2 2056.2 2056.2 2051.6 2051.6 2051.6 2051.6 2051.6 2051.6 2051.6 1990.2
1578.2 1578.2 1578.2 1269.9 1269.9 1269.9 1269.9 1269.9 1269.9 1269.9 1269.9 1269.9 1269.9 1269.9 1269.9 1269.9 1470.7 1470.7 1470.7 1470.7 1470.7 1470.7 1470.7 1470.7 1544.6 1098.2 1098.2 1098.2 1098.2 1098.2 1098.2 1098.2 1098.2 1098.2 1098.2 1098.2 1098.2 1098.2 1494.5 1494.5 1494.5 1494.5 1494.5 1494.5 1494.5 2400.1 2400.1 2400.1 2400.1 2400.1 2400.1 2400.1 2400.1 2400.1 2400.1 2400.1 2400.1 2056.2 2056.2 2056.2 2056.2 2056.2 2056.2 2056.2 2056.2 2056.2 2051.6 2051.6 2051.6 2051.6 2051.6 1990.2 1990.2 1990.2
1578.2 1578.2 1578.2 1578.2 1269.9 1269.9 1269.9 1269.9 1269.9 1269.9 1269.9 1269.9 1269.9 1269.9 1269.9 1269.9 1269.9 1470.7 1470.7 1470.7 1470.7 1470.7 1470.7 1098.2 1098.2 1098.2 1098.2 1098.2 1098.2 1098.2 1098.2 1098.2 1098.2 1098.2 1098.2 1098.2 1098.2 1494.5 1494.5 1494.5 1494.5 1494.5 1494.5 1494.5 1494.5 1494.5 2400.1 2400.1 2400.1 2400.1 2400.1 2400.1 2400.1 2400.1 2400.1 2400.1 2400.1 2056.2 2056.2 2056.2 2056.2 2056.2 2056.2 2056.2 2056.2 2056.2 2056.2 2051.6 2051.6 2051.6 1990.2 1990.2 1990.2 1934.0
1578.2 1578.2 1578.2 1578.2 1269.9 1269.9 1269.9 1269.9 1269.9 1269.9 1269.9 1269.9 1269.9 1269.9 1269.9 1269.9 1269.9 1470.7 1470.7 1470.7 1470.7 1470.7 1098.2 1098.2 1098.2 1098.2 1098.2 1098.2 1098.2 1098.2 1098.2 1098.2 1098.2 1098.2 1098.2 1098.2 1098.2 1494.5 1494.5 1494.5 1494.5 1494.5 1494.5 1494.5 1494.5 1494.5 1494.5 2400.1 2400.1 2400.1 2400.1 2400.1 2400.1 2400.1 2400.1 2400.1 2400.1 2056.2 2056.2 2056.2 2056.2 2056.2 2056.2 2056.2 2056.2 2056.2 2056.2 1974.5 1974.5 1990.2 1990.2 1990.2 1934.0 1934.0
1552.6 1552.6 1552.6 1578.2 1269.9 1269.9 1269.9 1269.9 1269.9 1269.9 1269.9 1269.9 1269.9 1269.9 1269.9 1269.9 1269.9 1470.7 1470.7 1470.7 1470.7 1098.2 1098.2 1098.2 1098.2 1098.2 1098.2 1098.2 1098.2 1098.2 1098.2 1098.2 1098.2 1098.2 1098.2 1098.2 1098.2 1494.5 1494.5 1494.5 1494.5 1494.5 1494.5 1494.5 1494.5 1494.5 1494.5 1494.5 2400.1 2400.1 2400.1 2400.1 2400.1 2400.1 2400.1 2400.1 2400.1 2056.2 2056.2 2056.2 2056.2 2056.2 2056.2 2056.2 2056.2 2056.2 2056.2 1974.5 1974.5 1974.5 1974.5 1974.5 1934.0 1934.0
1552.6 1552.6 1552.6 1552.6 1269.9 1269.9 1269.9 1269.9 1269.9 1269.9 1269.9 1269.9 1269.9 1269.9 1269.9 1269.9 1658.5 1658.5 1658.5 1658.5 1098.2 1098.2 1098.2 1098.2 1098.2 1098.2 1098.2 1098.2 1098.2 1098.2 1098.2 1098.2 1098.2 1098.2 1098.2 1098.2 1417.5 1494.5 1494.5 1494.5 1494.5 1494.5 1494.5 1494.5 1494.5 1494.5 1494.5 1494.5 2400.1 2400.1 2400.1 2400.1 2400.1 2400.1 2400.1 1625.1 1625.1 2056.2 2056.2 2056.2 2056.2 2056.2 2056.2 2056.2 2056.2 2056.2 2056.2 1974.5 1974.5 1974.5 1974.5 1974.5 1974.5 1934.0
1728.0 1728.0 1728.0 1552.6 1552.6 1269.9 1269.9 1269.9 1269.9 1269.9 1269.9 1269.9 1269.9 1269.9 1269.9 1658.5 1658.5 1658.5 1658.5 1658.5 1658.5 1098.2 1098.2 1098.2 1098.2 1098.2 1098.2 1098.2 1098.2 1098.2 1098.2 1098.2 1098.2 1098.2 1098.2 1417.5 1417.5 1417.5 1494.5 1494.5 1494.5 1494.5 1494.5 1494.5 1494.5 1494.5 1494.5 1494.5 1494.5 2400.1 2400.1 2400.1 2400.1 2400.1 1625.1 1625.1 1625.1 1625.1 1625.1 2056.2 2056.2 2056.2 2056.2 2056.2 2056.2 2056.2 2056.2 1974.5 1974.5 1974.5 1974.5 1974.5 1974.5 1974.5
1728.0 1728.0 1728.0 1728.0 2051.8 2051.8 2051.8 2051.8 1269.9 1269.9 1269.9 1269.9 1269.9 1658.5 1658.5 1658.5 1658.5 1658.5 1658.5 1658.5 1658.5 1658.5 1098.2 1098.2 1098.2 1098.2 1098.2 1098.2 1098.2 1098.2 1098.2 1098.2 1098.2 1098.2 1417.5 1417.5 1417.5 1417.5 1417.5 1494.5 1494.5 1494.5 1494.5 1494.5 1494.5 1494.5 1494.5 1494.5 1494.5 1494.5 1551.4 1551.4 1551.4 1551.4 1625.1 1625.1 1625.1 1625.1 1625.1 1625.1 2056.2 2056.2 2056.2 2056.2 2056.2 2056.2 2201.8 2201.8 1974.5 1974.5 1974.5 1974.5 1974.5 1974.5
1642.9 1728.0 1728.0 2051.8 2051.8 2051.8 2051.8 2051.8 2051.8 2051.8 2051.8 2051.8 2051.8 1658.5 1658.5 1658.5 1658.5 1658.5 1658.5 1658.5 1658.5 1658.5 1658.5 1098.2 1098.2 1098.2 1098.2 1098.2 1098.2 1098.2 1098.2 1098.2 1098.2 1417.5 1417.5 1417.5 1417.5 1417.5 1417.5 1494.5 1494.5 1494.5 1494.5 1494.5 1494.5 1494.5 1494.5 1494.5 1494.5 1551.4 1551.4 1551.4 1551.4 1551.4 1552.0 1625.1 1625.1 1625.1 1625.1 1625.1 1625.1 1625.1 2056.2 2056.2 2201.8 2201.8 2201.8 2201.8 2201.8 2201.8 1974.5 1974.5 1974.5 1974.5
1913.2 1913.2 1913.2 2051.8 2051.8 2051.8 2051.8 2051.8 2051.8 2051.8 2051.8 2051.8 1658.5 1658.5 1658.5 1658.5 1658.5 1658.5 1658.5 1658.5 1658.5 1658.5 1658.5 1098.2 1098.2 1098.2 1098.2 1098.2 1098.2 1098.2 1098.2 1417.5 1417.5 1417.5 1417.5 1417.5 1417.5 1417.5 1417.5 1417.5 1494.5 1494.5 1494.5 1494.5 1494.5 1494.5 1494.5 1494.5 1494.5 1551.4 1551.4 1551.4 1551.4 1551.4 1552.0 1625.1 1625.1 1625.1 1625.1 1625.1 1625.1 1625.1 1625.1 2201.8 2201.8 2201.8 2201.8 2201.8 2201.8 2201.8 2201.8 2201.8 1974.5 1974.5
1913.2 1913.2 2051.8 2051.8 2051.8 2051.8 2051.8 2051.8 2051.8 2051.8 2051.8 2051.8 1658.5 1658.5 1658.5 1658.5 1658.5 1658.5 1658.5 1658.5 1658.5 1658.5 1658.5 1658.5 1098.2 1098.2 1098.2 1098.2 1098.2 1098.2 1417.5 1417.5 1417.5 1417.5 1417.5 1417.5 1417.5 1417.5 1417.5 1417.5 1417.5 1494.5 1494.5 1494.5 1494.5 1494.5 1494.5 1494.5 1551.4 1551.4 1551.4 1551.4 1551.4 1551.4 1551.4 1552.0 1625.1 1625.1 1625.1 1625.1 1625.1 1625.1 1625.1 2201.8 2201.8 2201.8 2201.8 2201.8 2201.8 2201.8 2201.8 2201.8 2201.8 2201.8
1913.2 1913.2 2051.8 2051.8 2051.8 2051.8 2051.8 2051.8 2051.8 2051.8 2051.8 2051.8 1658.5 1658.5 1658.5 1658.5 1658.5 1658.5 1658.5 1658.5 1658.5 1658.5 1658.5 1658.5 1658.5 1809.8 1809.8 1809.8 1809.8 1809.8 1417.5 1417.5 1417.5 1417.5 1417.5 1417.5 1417.5 1417.5 1417.5 1417.5 1417.5 1494.5 1494.5 1494.5 1494.5 1494.5 1494.5 1494.5 1551.4 1551.4 1551.4 1551.4 1551.4 1551.4 1551.4 1552.0 1552.0 1625.1 1625.1 1625.1 1625.1 1625.1 1625.1 2201.8 2201.8 2201.8 2201.8 2201.8 2201.8 2201.8 2201.8 2201.8 2201.8 2201.8
1913.2 1913.2 2051.8 2051.8 2051.8 2051.8 2051.8 2051.8 2051.8 2051.8 2051.8 2100.4 1658.5 1658.5 1658.5 1658.5 1658.5 1658.5 1658.5 1658.5 1658.5 1658.5 1658.5 1658.5 1809.8 1809.8 1809.8 1809.8 1809.8 1809.8 1809.8 1417.5 1417.5 1417.5 1417.5 1417.5 1417.5 1417.5 1417.5 1417.5 1417.5 1417.5 1494.5 1494.5 1494.5 1494.5 1494.5 1551.4 1551.4 1551.4 1551.4 1551.4 1551.4 1551.4 1551.4 1552.0 1552.0 1552.0 1625.1 1625.1 1625.1 1625.1 1625.1 2201.8 2201.8 2201.8 2201.8 2201.8 2201.8 2201.8 2201.8 2201.8 2201.8 2619.1
1913.2 1913.2 2051.8 2051.8 2051.8 2051.8 2051.8 2051.8 2051.8 2100.4 2100.4 2100.4 1658.5 1658.5 1658.5 1658.5 1658.5 1658.5 1658.5 1658.5 1658.5 1658.5 1658.5 1658.5 1809.8 1809.8 1809.8 1809.8 1809.8 1809.8 1809.8 1809.8 1417.5 1417.5 1417.5 1417.5 1417.5 1417.5 1417.5 1417.5 1417.5 1417.5 1417.5 1494.5 1494.5 1494.5 1494.5 1551.4 1551.4 1551.4 1551.4 1551.4 1551.4 1551.4 1551.4 1551.4 1552.0 1552.0 1625.1 1625.1 1625.1 1625.1 1625.1 2201.8 2201.8 2201.8 2201.8 2201.8 2201.8 2619.1 2619.1 2619.1 2619.1 2619.1
