code_hw01/nn.asc
NCOLS 250
NROWS 250
XLLCORNER 2.0
YLLCORNER 3.0
CELLSIZE 1
NODATA_VALUE -9999
[rows 35 to 69 of 250, columns 0 to 78 of 250]
71.8 71.8 71.8 71.8 71.8 71.8 71.8 71.8 71.8 72.7 72.7 72.7 72.7 72.7 72.7 72.7 72.7 72.7 72.7 72.7 72.7 72.7 72.7 71.2 71.2 71.2 71.2 71.2 71.2 71.2 71.2 71.2 71.2 71.2 71.2 71.2 75.9 75.9 75.9 75.9 75.9 75.9 75.9 75.9 76.1 76.1 76.1 76.1 76.1 75.4 75.4 75.4 75.4 75.4 75.4 82.8 82.8 82.8 82.8 82.8 82.8 82.8 82.8 82.8 82.8 82.8 82.8 87.0 87.0 87.0 80.4 86.2 86.2 86.2 86.2 86.2 86.2 86.2 86.2
86.0 86.0 86.0 86.0 71.8 71.8 71.8 71.8 72.7 72.7 72.7 72.7 72.7 72.7 72.7 72.7 72.7 72.7 72.7 72.7 72.7 72.7 72.7 71.2 71.2 71.2 71.2 71.2 71.2 71.2 71.2 71.2 71.2 71.2 71.2 71.2 75.9 75.9 75.9 75.9 75.9 75.9 75.9 75.9 76.1 76.1 76.1 76.1 76.1 75.4 75.4 75.4 75.4 75.4 75.4 82.8 82.8 82.8 82.8 82.8 82.8 82.8 82.8 82.8 82.8 82.8 87.0 87.0 87.0 87.0 87.0 86.2 86.2 86.2 86.2 86.2 86.2 86.2 86.2
86.0 86.0 86.0 86.0 86.0 86.0 86.0 86.0 72.7 72.7 72.7 72.7 72.7 72.7 72.7 72.7 72.7 72.7 72.7 72.7 72.7 72.7 72.7 72.7 71.2 71.2 71.2 71.2 71.2 71.2 71.2 71.2 71.2 71.2 71.2 71.2 75.9 75.9 75.9 75.9 75.9 75.9 75.9 75.9 76.1 76.1 76.1 76.1 76.1 75.4 75.4 75.4 75.4 75.4 82.8 82.8 82.8 82.8 82.8 82.8 82.8 82.8 82.8 82.8 82.8 82.8 87.0 87.0 87.0 87.0 87.0 87.0 86.2 86.2 86.2 86.2 86.2 86.2 86.2
86.0 86.0 86.0 86.0 86.0 86.0 86.0 86.0 86.0 72.7 72.7 72.7 72.7 72.7 72.7 72.7 72.7 72.7 72.7 72.7 72.7 72.7 72.7 72.7 71.2 71.2 71.2 71.2 71.2 71.2 71.2 71.2 71.2 71.2 71.2 71.2 75.9 75.9 75.9 75.9 75.9 75.9 75.9 75.9 76.1 76.1 76.1 76.1 76.1 76.1 75.4 75.4 75.4 75.4 82.8 82.8 82.8 82.8 82.8 82.8 82.8 82.8 82.8 82.8 82.8 87.0 87.0 87.0 87.0 87.0 87.0 87.0 86.2 86.2 86.2 86.2 86.2 86.2 86.2
86.0 86.0 86.0 86.0 86.0 86.0 86.0 86.0 86.0 86.0 72.7 72.7 72.7 72.7 72.7 72.7 72.7 72.7 72.7 72.7 72.7 72.7 72.7 79.6 79.6 79.6 79.6 79.6 79.6 79.6 79.6 79.6 79.6 79.6 71.2 71.2 75.9 75.9 75.9 75.9 75.9 75.9 75.9 75.9 76.1 76.1 76.1 76.1 76.1 76.1 75.4 75.4 75.4 82.8 82.8 82.8 82.8 82.8 82.8 82.8 82.8 82.8 82.8 82.8 82.8 87.0 87.0 87.0 87.0 87.0 87.0 87.0 87.0 86.2 86.2 86.2 86.2 86.2 86.2
86.0 86.0 86.0 86.0 86.0 86.0 86.0 86.0 86.0 86.0 86.0 72.7 72.7 72.7 72.7 72.7 72.7 72.7 72.7 72.7 79.6 79.6 79.6 79.6 79.6 79.6 79.6 79.6 79.6 79.6 79.6 79.6 79.6 79.6 79.6 79.6 79.6 75.9 75.9 75.9 75.9 75.9 75.9 75.9 76.1 76.1 76.1 76.1 76.1 76.1 75.4 75.4 94.3 92.8 92.8 82.8 82.8 82.8 82.8 82.8 82.8 82.8 82.8 82.8 82.8 87.0 87.0 87.0 87.0 87.0 87.0 87.0 87.0 99.0 86.2 86.2 86.2 86.2 86.2
86.0 86.0 86.0 86.0 86.0 86.0 86.0 86.0 86.0 86.0 86.0 86.0 86.0 72.7 72.7 72.7 72.7 72.7 79.6 79.6 79.6 79.6 79.6 79.6 79.6 79.6 79.6 79.6 79.6 79.6 79.6 79.6 79.6 79.6 79.6 79.6 79.6 75.9 75.9 75.9 75.9 75.9 75.9 75.9 76.1 76.1 76.1 76.1 76.1 76.1 94.3 94.3 94.3 94.3 92.8 92.8 92.8 92.8 92.8 92.8 82.8 82.8 82.8 82.8 87.0 87.0 87.0 87.0 87.0 87.0 87.0 87.0 99.0 99.0 99.0 99.0 99.0 99.0 99.0
86.0 86.0 86.0 86.0 86.0 86.0 86.0 86.0 86.0 86.0 86.0 86.0 86.0 86.0 72.7 72.7 79.6 79.6 79.6 79.6 79.6 79.6 79.6 79.6 79.6 79.6 79.6 79.6 79.6 79.6 79.6 79.6 79.6 79.6 79.6 79.6 79.6 79.6 75.9 75.9 75.9 75.9 75.9 75.9 76.1 76.1 76.1 76.1 94.3 94.3 94.3 94.3 94.3 94.3 92.8 92.8 92.8 92.8 92.8 92.8 92.8 92.8 92.8 92.8 87.0 87.0 87.0 87.0 87.0 87.0 87.0 99.0 99.0 99.0 99.0 99.0 99.0 99.0 99.0
86.0 86.0 86.0 86.0 86.0 86.0 86.0 86.0 86.0 86.0 86.0 86.0 86.0 86.0 86.0 79.6 79.6 79.6 79.6 79.6 79.6 79.6 79.6 79.6 79.6 79.6 79.6 79.6 79.6 79.6 79.6 79.6 79.6 79.6 79.6 79.6 79.6 79.6 79.6 75.9 75.9 75.9 75.9 75.9 76.1 76.1 76.1 94.3 94.3 94.3 94.3 94.3 94.3 94.3 94.3 92.8 92.8 92.8 92.8 92.8 92.8 92.8 92.8 92.8 92.8 87.0 87.0 87.0 87.0 87.0 99.0 99.0 99.0 99.0 99.0 99.0 99.0 99.0 99.0
86.0 86.0 86.0 86.0 86.0 86.0 86.0 86.0 86.0 86.0 86.0 86.0 86.0 86.0 85.4 79.6 79.6 79.6 79.6 79.6 79.6 79.6 79.6 79.6 79.6 79.6 79.6 79.6 79.6 79.6 79.6 79.6 79.6 79.6 79.6 79.6 79.6 79.6 79.6 79.6 75.9 75.9 75.9 75.9 76.1 76.1 94.3 94.3 94.3 94.3 94.3 94.3 94.3 94.3 94.3 94.3 92.8 92.8 92.8 92.8 92.8 92.8 92.8 92.8 92.8 96.4 96.4 87.0 87.0 99.0 99.0 99.0 99.0 99.0 99.0 99.0 99.0 99.0 104.3
86.0 86.0 86.0 86.0 86.0 86.0 86.0 86.0 86.0 86.0 86.0 86.0 86.0 86.0 85.4 85.4 79.6 79.6 79.6 79.6 79.6 79.6 79.6 79.6 79.6 79.6 79.6 79.6 79.6 79.6 79.6 79.6 79.6 79.6 79.6 79.6 79.6 79.6 79.6 91.1 91.1 91.1 91.1 91.1 94.3 94.3 94.3 94.3 94.3 94.3 94.3 94.3 94.3 94.3 94.3 94.3 94.3 92.8 92.8 92.8 92.8 92.8 92.8 92.8 96.4 96.4 96.4 96.4 99.0 99.0 99.0 99.0 99.0 99.0 99.0 99.0 99.0 99.0 104.3
86.0 86.0 86.0 86.0 86.0 86.0 86.0 86.0 86.0 86.0 86.0 86.0 86.0 85.4 85.4 85.4 85.4 79.6 79.6 79.6 79.6 79.6 79.6 79.6 79.6 79.6 79.6 79.6 79.6 79.6 79.6 79.6 79.6 79.6 79.6 79.6 79.6 91.1 91.1 91.1 91.1 91.1 91.1 91.1 91.1 94.3 94.3 94.3 94.3 94.3 94.3 94.3 94.3 94.3 94.3 94.3 94.3 92.8 92.8 92.8 92.8 92.8 92.8 96.4 96.4 96.4 96.4 96.4 96.4 99.0 99.0 99.0 99.0 99.0 99.0 99.0 99.0 99.0 104.3
86.0 86.0 86.0 86.0 86.0 86.0 86.0 86.0 86.0 86.0 86.0 86.0 86.0 85.4 85.4 85.4 85.4 85.4 79.6 79.6 79.6 79.6 79.6 79.6 79.6 79.6 79.6 79.6 79.6 79.6 79.6 79.6 79.6 79.6 79.6 79.6 91.1 91.1 91.1 91.1 91.1 91.1 91.1 91.1 91.1 94.3 94.3 94.3 94.3 94.3 94.3 94.3 94.3 94.3 94.3 94.3 94.3 94.3 92.8 92.8 92.8 92.8 92.8 96.4 96.4 96.4 96.4 96.4 96.4 99.0 99.0 99.0 99.0 99.0 99.0 99.0 99.0 104.3 104.3
86.0 86.0 86.0 86.0 86.0 86.0 86.0 86.0 86.0 86.0 86.0 86.0 86.0 85.4 85.4 85.4 85.4 85.4 85.4 79.6 79.6 79.6 79.6 79.6 79.6 79.6 79.6 79.6 79.6 79.6 79.6 79.6 79.6 79.6 79.6 91.1 91.1 91.1 91.1 91.1 91.1 91.1 91.1 91.1 91.1 94.3 94.3 94.3 94.3 94.3 94.3 94.3 94.3 94.3 94.3 94.3 94.3 94.3 94.3 92.8 92.8 92.8 96.4 96.4 96.4 96.4 96.4 96.4 96.4 99.0 99.0 99.0 99.0 99.0 99.0 99.0 105.7 105.7 104.3
86.0 86.0 86.0 86.0 86.0 86.0 86.0 86.0 86.0 86.0 86.0 86.0 85.4 85.4 85.4 85.4 85.4 85.4 85.4 85.4 79.6 79.6 79.6 79.6 79.6 79.6 79.6 79.6 79.6 79.6 79.6 79.6 79.6 79.6 91.1 91.1 91.1 91.1 91.1 91.1 91.1 91.1 91.1 91.1 91.1 91.1 94.3 94.3 94.3 94.3 94.3 94.3 94.3 94.3 94.3 94.3 94.3 94.3 94.3 94.3 92.8 92.8 96.4 96.4 96.4 96.4 96.4 96.4 96.4 96.4 99.0 99.0 99.0 99.0 99.0 105.7 105.7 105.7 104.3
86.0 86.0 86.0 86.0 86.0 86.0 86.0 86.0 86.0 86.0 86.0 86.0 85.4 85.4 85.4 85.4 85.4 85.4 85.4 85.4 85.4 79.6 79.6 79.6 79.6 79.6 79.6 79.6 79.6 79.6 79.6 79.6 79.6 91.1 91.1 91.1 91.1 91.1 91.1 91.1 91.1 91.1 91.1 91.1 91.1 100.5 100.5 94.3 94.3 94.3 94.3 94.3 94.3 94.3 94.3 94.3 94.3 94.3 94.3 94.3 92.8 96.4 96.4 96.4 96.4 96.4 96.4 96.4 96.4 107.4 107.4 107.4 107.4 105.7 105.7 105.7 105.7 105.7 105.7
86.0 86.0 86.0 86.0 86.0 86.0 86.0 86.0 86.0 86.0 86.0 85.4 85.4 85.4 85.4 85.4 85.4 85.4 85.4 85.4 85.4 85.4 79.6 79.6 79.6 79.6 79.6 79.6 79.6 79.6 79.6 91.1 91.1 91.1 91.1 91.1 91.1 91.1 91.1 91.1 91.1 91.1 91.1 91.1 91.1 100.5 100.5 100.5 100.5 94.3 94.3 94.3 94.3 94.3 94.3 94.3 94.3 94.3 94.3 94.3 94.3 96.4 96.4 96.4 96.4 96.4 96.4 96.4 107.4 107.4 107.4 107.4 107.4 107.4 105.7 105.7 105.7 105.7 105.7
86.0 86.0 86.0 86.0 86.0 86.0 86.0 86.0 86.0 86.0 86.0 90.2 85.4 85.4 85.4 85.4 85.4 85.4 85.4 85.4 85.4 85.4 85.4 79.6 79.6 79.6 79.6 79.6 79.6 79.6 91.1 91.1 91.1 91.1 91.1 91.1 91.1 91.1 91.1 91.1 91.1 91.1 91.1 91.1 91.1 100.5 100.5 100.5 100.5 100.5 100.5 94.3 94.3 94.3 94.3 94.3 94.3 94.3 94.3 94.3 94.3 96.4 96.4 96.4 96.4 105.2 105.2 105.2 105.2 107.4 107.4 107.4 107.4 107.4 107.4 105.7 105.7 105.7 105.7
86.0 86.0 86.0 86.0 86.0 86.0 86.0 86.0 86.0 90.2 90.2 90.2 90.2 90.2 85.4 85.4 85.4 85.4 85.4 85.4 85.4 85.4 85.4 85.4 79.6 79.6 79.6 92.7 92.7 91.1 91.1 91.1 91.1 91.1 91.1 91.1 91.1 91.1 91.1 91.1 91.1 91.1 91.1 91.1 91.1 100.5 100.5 100.5 100.5 100.5 100.5 100.5 100.5 94.3 94.3 94.3 94.3 94.3 94.3 94.3 103.7 104.7 104.7 104.7 104.7 105.2 105.2 105.2 105.2 107.4 107.4 107.4 107.4 107.4 107.4 105.7 105.7 105.7 105.7
86.0 86.0 86.0 86.0 86.0 86.0 86.0 86.0 90.2 90.2 90.2 90.2 90.2 90.2 90.2 85.4 85.4 85.4 85.4 85.4 85.4 85.4 85.4 85.4 85.4 92.7 92.7 92.7 92.7 92.7 91.1 91.1 91.1 91.1 91.1 91.1 91.1 91.1 91.1 91.1 91.1 91.1 91.1 91.1 91.1 100.5 100.5 100.5 100.5 100.5 100.5 100.5 100.5 100.5 100.5 94.3 103.7 103.7 103.7 103.7 103.7 104.7 104.7 104.7 104.7 105.2 105.2 105.2 105.2 107.4 107.4 107.4 107.4 107.4 107.4 107.4 105.7 105.7 105.7
86.0 86.0 86.0 86.0 86.0 86.0 86.0 90.2 90.2 90.2 90.2 90.2 90.2 90.2 90.2 90.2 90.2 85.4 85.4 85.4 85.4 85.4 85.4 85.4 92.7 92.7 92.7 92.7 92.7 92.7 91.1 91.1 91.1 91.1 91.1 91.1 91.1 91.1 91.1 91.1 91.1 91.1 91.1 91.1 91.1 100.5 100.5 100.5 100.5 100.5 100.5 100.5 100.5 100.5 100.5 103.7 103.7 103.7 103.7 103.7 103.7 103.7 104.7 104.7 104.7 105.2 105.2 105.2 105.2 107.4 107.4 107.4 107.4 107.4 107.4 107.4 107.4 105.7 105.7
86.0 86.0 86.0 86.0 86.0 90.2 90.2 90.2 90.2 90.2 90.2 90.2 90.2 90.2 90.2 90.2 90.2 90.2 90.2 85.4 85.4 85.4 85.4 92.7 92.7 92.7 92.7 92.7 92.7 92.7 92.7 91.1 91.1 91.1 91.1 91.1 91.1 91.1 91.1 91.1 91.1 91.1 91.1 91.1 91.1 100.5 100.5 100.5 100.5 100.5 100.5 100.5 100.5 100.5 100.5 103.7 103.7 103.7 103.7 103.7 103.7 103.7 104.7 104.7 104.7 105.2 105.2 105.2 105.2 107.4 107.4 107.4 107.4 107.4 107.4 107.4 107.4 105.7 105.7
86.0 86.0 86.0 86.0 90.2 90.2 90.2 90.2 90.2 90.2 90.2 90.2 90.2 90.2 90.2 90.2 90.2 90.2 90.2 90.2 85.4 85.4 92.7 92.7 92.7 92.7 92.7 92.7 92.7 92.7 92.7 91.1 91.1 91.1 91.1 91.1 91.1 91.1 91.1 91.1 91.1 91.1 91.1 91.1 91.1 100.5 100.5 100.5 100.5 100.5 100.5 100.5 100.5 100.5 100.5 103.7 103.7 103.7 103.7 103.7 103.7 103.7 104.7 104.7 104.7 105.2 105.2 105.2 105.2 107.4 107.4 107.4 107.4 107.4 107.4 107.4 107.4 107.4 115.7
86.0 86.0 86.0 90.2 90.2 90.2 90.2 90.2 90.2 90.2 90.2 90.2 90.2 90.2 90.2 90.2 90.2 90.2 90.2 90.2 90.2 92.7 92.7 92.7 92.7 92.7 92.7 92.7 92.7 92.7 92.7 92.7 91.1 91.1 91.1 91.1 91.1 91.1 91.1 91.1 91.1 91.1 91.1 91.1 100.5 100.5 100.5 100.5 100.5 100.5 100.5 100.5 100.5 100.5 100.5 103.7 103.7 103.7 103.7 103.7 103.7 103.7 108.9 108.9 104.7 105.2 105.2 105.2 105.2 105.2 107.4 107.4 107.4 107.4 107.4 107.4 107.4 115.7 115.7
97.9 97.9 97.9 97.9 97.9 90.2 90.2 90.2 90.2 90.2 90.2 90.2 90.2 90.2 90.2 90.2 90.2 90.2 90.2 90.2 94.4 92.7 92.7 92.7 92.7 92.7 92.7 92.7 92.7 92.7 92.7 92.7 91.1 91.1 91.1 91.1 91.1 91.1 91.1 91.1 91.1 91.1 91.1 91.1 100.5 100.5 100.5 100.5 100.5 100.5 100.5 100.5 100.5 100.5 100.5 100.5 103.7 103.7 103.7 103.7 103.7 103.7 108.9 108.9 108.9 108.9 108.9 105.2 105.2 105.2 107.4 107.4 107.4 107.4 107.4 107.4 115.7 115.7 115.7
97.9 97.9 97.9 97.9 97.9 97.9 97.9 90.2 90.2 90.2 90.2 90.2 90.2 90.2 90.2 90.2 90.2 94.4 94.4 94.4 94.4 94.4 92.7 92.7 92.7 92.7 92.7 92.7 92.7 92.7 92.7 92.7 92.7 91.1 91.1 91.1 91.1 91.1 91.1 91.1 91.1 91.1 91.1 91.1 103.2 103.2 103.2 103.2 103.2 103.2 103.2 103.2 103.2 103.2 103.2 103.2 103.7 103.7 103.7 103.7 103.7 108.9 108.9 108.9 108.9 108.9 108.9 108.9 108.9 108.9 107.4 107.4 107.4 107.4 107.4 115.7 115.7 115.7 115.7
97.9 97.9 97.9 97.9 97.9 97.9 97.9 97.9 97.9 90.2 90.2 90.2 90.2 90.2 94.4 94.4 94.4 94.4 94.4 94.4 94.4 94.4 92.7 92.7 92.7 92.7 92.7 92.7 92.7 92.7 92.7 92.7 92.7 92.7 91.1 91.1 91.1 91.1 91.1 91.1 91.1 91.1 91.1 91.1 103.2 103.2 103.2 103.2 103.2 103.2 103.2 103.2 103.2 103.2 103.2 103.2 103.7 103.7 103.7 103.7 108.9 108.9 108.9 108.9 108.9 108.9 108.9 108.9 108.9 108.9 108.9 107.4 107.4 107.4 115.7 115.7 115.7 115.7 115.7
97.9 97.9 97.9 97.9 97.9 97.9 97.9 97.9 97.9 97.9 97.9 97.9 94.4 94.4 94.4 94.4 94.4 94.4 94.4 94.4 94.4 94.4 92.7 92.7 92.7 92.7 92.7 92.7 92.7 92.7 92.7 92.7 92.7 92.7 91.1 91.1 91.1 91.1 91.1 91.1 91.1 91.1 91.1 103.2 103.2 103.2 103.2 103.2 103.2 103.2 103.2 103.2 103.2 103.2 103.2 108.6 108.6 108.6 103.7 103.7 108.9 108.9 108.9 108.9 108.9 108.9 108.9 108.9 108.9 108.9 108.9 107.4 107.4 115.7 115.7 115.7 115.7 115.7 115.7
97.9 97.9 97.9 97.9 97.9 97.9 97.9 97.9 97.9 97.9 97.9 97.9 94.4 94.4 94.4 94.4 94.4 94.4 94.4 94.4 94.4 94.4 94.4 92.7 92.7 92.7 92.7 92.7 92.7 92.7 92.7 92.7 92.7 92.7 92.7 91.1 91.1 91.1 91.1 91.1 91.1 91.1 91.1 103.2 103.2 103.2 103.2 103.2 103.2 103.2 103.2 103.2 103.2 103.2 108.6 108.6 108.6 108.6 108.6 108.6 108.9 108.9 108.9 108.9 108.9 108.9 108.9 108.9 108.9 108.9 108.9 108.9 115.7 115.7 115.7 115.7 115.7 115.7 115.7
97.9 97.9 97.9 97.9 97.9 97.9 97.9 97.9 97.9 97.9 97.9 97.9 94.4 94.4 94.4 94.4 94.4 94.4 94.4 94.4 94.4 94.4 94.4 92.7 92.7 92.7 92.7 92.7 92.7 92.7 92.7 92.7 92.7 92.7 92.7 91.1 91.1 91.1 91.1 91.1 91.1 91.1 91.1 103.2 103.2 103.2 103.2 103.2 103.2 103.2 103.2 103.2 103.2 108.6 108.6 108.6 108.6 108.6 108.6 108.6 108.9 108.9 108.9 108.9 108.9 108.9 108.9 108.9 108.9 108.9 108.9 108.9 115.7 115.7 115.7 115.7 115.7 115.7 115.7
101.4 97.9 97.9 97.9 97.9 97.9 97.9 97.9 97.9 97.9 97.9 97.9 97.9 94.4 94.4 94.4 94.4 94.4 94.4 94.4 94.4 94.4 94.4 92.7 92.7 92.7 92.7 92.7 92.7 92.7 92.7 92.7 92.7 92.7 101.1 101.1 101.1 102.7 91.1 91.1 91.1 91.1 103.2 103.2 103.2 103.2 103.2 103.2 103.2 103.2 103.2 108.6 108.6 108.6 108.6 108.6 108.6 108.6 108.6 108.6 108.6 108.9 108.9 108.9 108.9 108.9 108.9 108.9 108.9 108.9 108.9 108.9 115.7 115.7 115.7 115.7 115.7 115.7 115.7
101.4 101.4 101.4 97.9 97.9 97.9 97.9 97.9 97.9 97.9 97.9 97.9 97.9 94.4 94.4 94.4 94.4 94.4 94.4 94.4 94.4 94.4 94.4 92.7 92.7 92.7 92.7 92.7 92.7 92.7 92.7 101.1 101.1 101.1 101.1 101.1 102.7 102.7 102.7 102.7 102.7 102.7 103.2 103.2 103.2 103.2 103.2 103.2 103.2 103.2 108.6 108.6 108.6 108.6 108.6 108.6 108.6 108.6 108.6 108.6 108.6 108.9 108.9 108.9 108.9 108.9 108.9 108.9 108.9 108.9 119.5 122.1 122.1 115.7 115.7 115.7 115.7 115.7 115.7
101.4 101.4 101.4 101.4 97.9 97.9 97.9 97.9 97.9 97.9 97.9 97.9 97.9 94.4 94.4 94.4 94.4 94.4 94.4 94.4 94.4 94.4 94.4 94.4 92.7 92.7 92.7 92.7 92.7 101.1 101.1 101.1 101.1 101.1 101.1 101.1 102.7 102.7 102.7 102.7 102.7 102.7 102.7 103.2 103.2 103.2 103.2 103.2 103.2 108.6 108.6 108.6 108.6 108.6 108.6 108.6 108.6 108.6 108.6 108.6 108.6 108.6 108.9 108.9 108.9 119.5 119.5 119.5 119.5 119.5 119.5 122.1 122.1 122.1 122.1 115.7 115.7 115.7 115.7
101.4 101.4 101.4 101.4 101.4 97.9 97.9 97.9 97.9 97.9 97.9 97.9 97.9 97.9 94.4 94.4 94.4 94.4 94.4 94.4 94.4 94.4 94.4 94.4 92.7 92.7 101.1 101.1 101.1 101.1 101.1 101.1 101.1 101.1 101.1 102.7 102.7 102.7 102.7 102.7 102.7 102.7 102.7 102.7 103.2 103.2 103.2 108.6 108.6 108.6 108.6 108.6 108.6 108.6 108.6 108.6 108.6 108.6 108.6 108.6 108.6 108.6 119.5 119.5 119.5 119.5 119.5 119.5 119.5 119.5 119.5 122.1 122.1 122.1 122.1 122.1 122.1 122.1 115.7
101.4 101.4 101.4 101.4 101.4 101.4 101.4 97.9 97.9 97.9 97.9 97.9 97.9 97.9 94.4 94.4 94.4 94.4 94.4 94.4 94.4 94.4 94.4 94.4 101.1 101.1 101.1 101.1 101.1 101.1 101.1 101.1 101.1 101.1 101.1 102.7 102.7 102.7 102.7 102.7 102.7 102.7 102.7 102.7 113.8 113.8 108.6 108.6 108.6 108.6 108.6 108.6 108.6 108.6 108.6 108.6 108.6 108.6 108.6 108.6 114.7 114.7 119.5 119.5 119.5 119.5 119.5 119.5 119.5 119.5 119.5 122.1 122.1 122.1 122.1 122.1 122.1 122.1 122.1
