code_hw01/nn.asc
NCOLS 515
NROWS 575
XLLCORNER 587311.826320024
YLLCORNER 137646.940111098
CELLSIZE 200.0
NODATA_VALUE -9999
[rows 66 to 98 of 575, columns 148 to 221 of 515]
1187.2 1187.2 1660.6 1660.6 1660.6 1660.6 1660.6 1660.6 1660.6 1660.6 1660.6 1660.6 1660.6 1660.6 1660.6 1660.6 1660.6 1660.6 2345.4 2345.4 2345.4 2345.4 2345.4 2345.4 2345.4 2345.4 2345.4 2345.4 2345.4 2345.4 2345.4 2345.4 2431.6 2601.3 2601.3 2601.3 2601.3 2601.3 2601.3 2601.3 2601.3 2601.3 2601.3 3050.6 3050.6 3050.6 3050.6 2536.6 2536.6 2536.6 2536.6 2536.6 2536.6 2536.6 2536.6 2536.6 2536.6 2536.6 3025.6 3025.6 3025.6 3025.6 3025.6 3025.6 3025.6 3025.6 3025.6 3025.6 3025.6 3025.6 3025.6 3099.5 3099.5 3099.5
2014.3 1660.6 1660.6 1660.6 1660.6 1660.6 1660.6 1660.6 1660.6 1660.6 1660.6 1660.6 1660.6 1660.6 1660.6 1660.6 1660.6 2345.4 2345.4 2345.4 2345.4 2345.4 2345.4 2345.4 2345.4 2345.4 2345.4 2345.4 2345.4 2345.4 2345.4 2431.6 2431.6 2431.6 2431.6 2601.3 2601.3 2601.3 2601.3 2601.3 2601.3 2601.3 2601.3 2601.3 3050.6 3050.6 2536.6 2536.6 2536.6 2536.6 2536.6 2536.6 2536.6 2536.6 2536.6 2536.6 2536.6 2536.6 3025.6 3025.6 3025.6 3025.6 3025.6 3025.6 3025.6 3025.6 3025.6 3025.6 3025.6 3025.6 3025.6 3099.5 3099.5 3099.5
2014.3 1660.6 1660.6 1660.6 1660.6 1660.6 1660.6 1660.6 1660.6 1660.6 1660.6 1660.6 1660.6 1660.6 1660.6 1660.6 1660.6 2345.4 2345.4 2345.4 2345.4 2345.4 2345.4 2345.4 2345.4 2345.4 2345.4 2345.4 2345.4 2345.4 2431.6 2431.6 2431.6 2431.6 2431.6 2431.6 2601.3 2601.3 2601.3 2601.3 2601.3 2601.3 2601.3 2601.3 3050.6 2536.6 2536.6 2536.6 2536.6 2536.6 2536.6 2536.6 2536.6 2536.6 2536.6 2536.6 2536.6 2536.6 2338.7 2338.7 3025.6 3025.6 3025.6 3025.6 3025.6 3025.6 3025.6 3025.6 3025.6 3025.6 3099.5 3099.5 3099.5 3099.5
2014.3 2014.3 1660.6 1660.6 1660.6 1660.6 1660.6 1660.6 1660.6 1660.6 1660.6 1660.6 1660.6 1660.6 1660.6 1660.6 2345.4 2345.4 2345.4 2345.4 2345.4 2345.4 2345.4 2345.4 2345.4 2345.4 2345.4 2345.4 2345.4 2345.4 2431.6 2431.6 2431.6 2431.6 2431.6 2431.6 2431.6 2601.3 2601.3 2601.3 2601.3 2601.3 2601.3 2601.3 2536.6 2536.6 2536.6 2536.6 2536.6 2536.6 2536.6 2536.6 2536.6 2536.6 2536.6 2536.6 2536.6 2536.6 2338.7 2338.7 2338.7 2338.7 3025.6 3025.6 3025.6 3025.6 3025.6 3025.6 3025.6 3025.6 3099.5 3099.5 3099.5 3099.5
2014.3 2014.3 2014.3 1660.6 1660.6 1660.6 1660.6 1660.6 1660.6 1660.6 1660.6 1660.6 1660.6 1660.6 1660.6 2345.4 2345.4 2345.4 2345.4 2345.4 2345.4 2345.4 2345.4 2345.4 2345.4 2345.4 2345.4 2345.4 2345.4 2431.6 2431.6 2431.6 2431.6 2431.6 2431.6 2431.6 2431.6 2431.6 2601.3 2601.3 2601.3 2601.3 2601.3 2601.3 2536.6 2536.6 2536.6 2536.6 2536.6 2536.6 2536.6 2536.6 2536.6 2536.6 2536.6 2536.6 2536.6 2338.7 2338.7 2338.7 2338.7 2338.7 2338.7 2338.7 3025.6 3025.6 3025.6 3025.6 3025.6 3025.6 3099.5 3099.5 3099.5 3099.5
2014.3 2014.3 2014.3 1660.6 1660.6 1660.6 1660.6 1660.6 1660.6 1660.6 1660.6 2237.9 2237.9 2237.9 2237.9 2237.9 2237.9 2345.4 2345.4 2345.4 2345.4 2345.4 2345.4 2345.4 2345.4 2345.4 2345.4 2345.4 2345.4 2431.6 2431.6 2431.6 2431.6 2431.6 2431.6 2431.6 2431.6 2431.6 2431.6 2601.3 2601.3 2601.3 2601.3 2601.3 2536.6 2536.6 2536.6 2536.6 2536.6 2536.6 2536.6 2536.6 2536.6 2536.6 2536.6 2536.6 2536.6 2338.7 2338.7 2338.7 2338.7 2338.7 2338.7 2338.7 2338.7 2338.7 2338.7 3025.6 3025.6 3025.6 3099.5 3099.5 3099.5 3099.5
2014.3 2014.3 2014.3 2014.3 2123.5 2123.5 2237.9 2237.9 2237.9 2237.9 2237.9 2237.9 2237.9 2237.9 2237.9 2237.9 2237.9 2237.9 2237.9 2237.9 2345.4 2345.4 2345.4 2345.4 2345.4 2345.4 2345.4 2345.4 2431.6 2431.6 2431.6 2431.6 2431.6 2431.6 2431.6 2431.6 2431.6 2431.6 2431.6 2431.6 2431.6 2601.3 2601.3 2601.3 2536.6 2536.6 2536.6 2536.6 2536.6 2536.6 2536.6 2536.6 2536.6 2536.6 2536.6 2536.6 2536.6 2338.7 2338.7 2338.7 2338.7 2338.7 2338.7 2338.7 2338.7 2338.7 2338.7 2338.7 2338.7 3025.6 3099.5 3099.5 3099.5 3099.5
2014.3 2014.3 2014.3 2123.5 2123.5 2123.5 2123.5 2237.9 2237.9 2237.9 2237.9 2237.9 2237.9 2237.9 2237.9 2237.9 2237.9 2237.9 2237.9 2237.9 2237.9 2237.9 2345.4 2345.4 2345.4 2345.4 2345.4 2431.6 2431.6 2431.6 2431.6 2431.6 2431.6 2431.6 2431.6 2431.6 2431.6 2431.6 2431.6 2431.6 2431.6 2431.6 2601.3 2536.6 2536.6 2536.6 2536.6 2536.6 2536.6 2536.6 2536.6 2536.6 2536.6 2536.6 2536.6 2536.6 2338.7 2338.7 2338.7 2338.7 2338.7 2338.7 2338.7 2338.7 2338.7 2338.7 2338.7 2338.7 2338.7 2338.7 2338.7 3099.5 3099.5 3099.5
2014.3 2014.3 2014.3 2123.5 2123.5 2123.5 2123.5 2123.5 2237.9 2237.9 2237.9 2237.9 2237.9 2237.9 2237.9 2237.9 2237.9 2237.9 2237.9 2237.9 2237.9 2237.9 2237.9 2237.9 2237.9 2345.4 2345.4 2431.6 2431.6 2431.6 2431.6 2431.6 2431.6 2431.6 2431.6 2431.6 2431.6 2431.6 2431.6 2431.6 2431.6 2027.6 2027.6 2536.6 2536.6 2536.6 2536.6 2536.6 2536.6 2536.6 2536.6 2536.6 2536.6 2536.6 2536.6 2536.6 2338.7 2338.7 2338.7 2338.7 2338.7 2338.7 2338.7 2338.7 2338.7 2338.7 2338.7 2338.7 2338.7 2338.7 2338.7 2338.7 3099.5 3099.5
2014.3 2014.3 2014.3 2123.5 2123.5 2123.5 2123.5 2123.5 2123.5 2123.5 2237.9 2237.9 2237.9 2237.9 2237.9 2237.9 2237.9 2237.9 2237.9 2237.9 2237.9 2237.9 2237.9 2237.9 2237.9 2237.9 2237.9 2431.6 2431.6 2431.6 2431.6 2431.6 2431.6 2431.6 2431.6 2431.6 2431.6 2431.6 2027.6 2027.6 2027.6 2027.6 2027.6 2027.6 2536.6 2536.6 2536.6 2536.6 2536.6 2536.6 2536.6 2536.6 2536.6 2536.6 2479.1 2479.1 2479.1 2479.1 2338.7 2338.7 2338.7 2338.7 2338.7 2338.7 2338.7 2338.7 2338.7 2338.7 2338.7 2338.7 2338.7 2338.7 2338.7 3099.5
2014.3 1829.1 1829.1 2123.5 2123.5 2123.5 2123.5 2123.5 2123.5 2123.5 2123.5 2237.9 2237.9 2237.9 2237.9 2237.9 2237.9 2237.9 2237.9 2237.9 2237.9 2237.9 2237.9 2237.9 2237.9 2237.9 2237.9 2431.6 2431.6 2431.6 2431.6 2431.6 2431.6 2431.6 2431.6 2027.6 2027.6 2027.6 2027.6 2027.6 2027.6 2027.6 2027.6 2027.6 2027.6 2536.6 2536.6 2536.6 2536.6 2536.6 2536.6 2536.6 2536.6 2479.1 2479.1 2479.1 2479.1 2479.1 2479.1 2338.7 2338.7 2338.7 2338.7 2338.7 2338.7 2338.7 2338.7 2338.7 2338.7 2338.7 2338.7 2338.7 2338.7 2338.7
1829.1 1829.1 1829.1 2123.5 2123.5 2123.5 2123.5 2123.5 2123.5 2123.5 2123.5 2123.5 2237.9 2237.9 2237.9 2237.9 2237.9 2237.9 2237.9 2237.9 2237.9 2237.9 2237.9 2237.9 2237.9 2237.9 2237.9 2431.6 2431.6 2431.6 2431.6 2431.6 2431.6 2027.6 2027.6 2027.6 2027.6 2027.6 2027.6 2027.6 2027.6 2027.6 2027.6 2027.6 2027.6 2027.6 2536.6 2536.6 2536.6 2536.6 2536.6 2536.6 2479.1 2479.1 2479.1 2479.1 2479.1 2479.1 2479.1 2479.1 2479.1 2338.7 2338.7 2338.7 2338.7 2338.7 2338.7 2338.7 2338.7 2338.7 2338.7 2338.7 2338.7 2338.7
1829.1 1829.1 1829.1 2123.5 2123.5 2123.5 2123.5 2123.5 2123.5 2123.5 2123.5 2123.5 2123.5 2237.9 2237.9 2237.9 2237.9 2237.9 2237.9 2237.9 2237.9 2237.9 2237.9 2237.9 2237.9 2237.9 2237.9 2237.9 2431.6 2431.6 2027.6 2027.6 2027.6 2027.6 2027.6 2027.6 2027.6 2027.6 2027.6 2027.6 2027.6 2027.6 2027.6 2027.6 2027.6 2027.6 2027.6 2536.6 2536.6 2536.6 2536.6 2479.1 2479.1 2479.1 2479.1 2479.1 2479.1 2479.1 2479.1 2479.1 2479.1 2479.1 2338.7 2338.7 2338.7 2338.7 2338.7 2338.7 2338.7 2338.7 2338.7 2338.7 2338.7 2338.7
1829.1 1829.1 1829.1 2123.5 2123.5 2123.5 2123.5 2123.5 2123.5 2123.5 2123.5 2123.5 2123.5 2123.5 2123.5 2237.9 2237.9 2237.9 2237.9 2237.9 2237.9 2237.9 2237.9 2237.9 2237.9 2237.9 2237.9 2237.9 2027.6 2027.6 2027.6 2027.6 2027.6 2027.6 2027.6 2027.6 2027.6 2027.6 2027.6 2027.6 2027.6 2027.6 2027.6 2027.6 2027.6 2027.6 2027.6 2027.6 2698.6 2698.6 2698.6 2698.6 2479.1 2479.1 2479.1 2479.1 2479.1 2479.1 2479.1 2479.1 2479.1 2479.1 2479.1 2338.7 2338.7 2338.7 2338.7 2338.7 2338.7 2338.7 2338.7 2338.7 2338.7 2338.7
1829.1 1829.1 1829.1 2123.5 2123.5 2123.5 2123.5 2123.5 2123.5 2123.5 2123.5 2123.5 2123.5 2123.5 2123.5 2123.5 2237.9 2237.9 2237.9 2237.9 2237.9 2237.9 2237.9 2237.9 2237.9 2237.9 2237.9 2237.9 2027.6 2027.6 2027.6 2027.6 2027.6 2027.6 2027.6 2027.6 2027.6 2027.6 2027.6 2027.6 2027.6 2027.6 2027.6 2027.6 2027.6 2027.6 2027.6 2698.6 2698.6 2698.6 2698.6 2698.6 2698.6 2479.1 2479.1 2479.1 2479.1 2479.1 2479.1 2479.1 2479.1 2479.1 2479.1 2479.1 2479.1 2338.7 2338.7 2338.7 2338.7 2338.7 2338.7 2338.7 2147.0 2147.0
1829.1 1829.1 1829.1 2123.5 2123.5 2123.5 2123.5 2123.5 2123.5 2123.5 2123.5 2123.5 2123.5 2123.5 2123.5 2123.5 2123.5 2237.9 2237.9 2237.9 2237.9 2237.9 2237.9 2237.9 2237.9 2237.9 2237.9 1426.6 1426.6 2027.6 2027.6 2027.6 2027.6 2027.6 2027.6 2027.6 2027.6 2027.6 2027.6 2027.6 2027.6 2027.6 2027.6 2027.6 2027.6 2027.6 2027.6 2698.6 2698.6 2698.6 2698.6 2698.6 2698.6 2698.6 2479.1 2479.1 2479.1 2479.1 2479.1 2479.1 2479.1 2479.1 2479.1 2479.1 2479.1 2147.0 2147.0 2147.0 2147.0 2147.0 2147.0 2147.0 2147.0 2147.0
1829.1 1829.1 1829.1 2123.5 2123.5 2123.5 2123.5 2123.5 2123.5 2123.5 2123.5 2123.5 2123.5 2123.5 2123.5 2123.5 2123.5 2123.5 2237.9 2237.9 2237.9 2237.9 2237.9 2237.9 2237.9 2237.9 1426.6 1426.6 1426.6 1426.6 1426.6 2027.6 2027.6 2027.6 2027.6 2027.6 2027.6 2027.6 2027.6 2027.6 2027.6 2027.6 2027.6 2027.6 2027.6 2027.6 2698.6 2698.6 2698.6 2698.6 2698.6 2698.6 2698.6 2698.6 2698.6 2479.1 2479.1 2479.1 2479.1 2479.1 2479.1 2479.1 2479.1 2479.1 2147.0 2147.0 2147.0 2147.0 2147.0 2147.0 2147.0 2147.0 2147.0 2147.0
1829.1 1829.1 1829.1 2123.5 2123.5 2123.5 2123.5 2123.5 2123.5 2123.5 2123.5 2123.5 2123.5 2123.5 2123.5 2123.5 2123.5 2123.5 2123.5 2123.5 2232.5 2232.5 2232.5 2232.5 2232.5 1426.6 1426.6 1426.6 1426.6 1426.6 1426.6 1426.6 2027.6 2027.6 2027.6 2027.6 2027.6 2027.6 2027.6 2027.6 2027.6 2027.6 2027.6 2027.6 2027.6 2027.6 2698.6 2698.6 2698.6 2698.6 2698.6 2698.6 2698.6 2698.6 2698.6 2698.6 2479.1 2479.1 2479.1 2479.1 2479.1 2479.1 2479.1 2479.1 2147.0 2147.0 2147.0 2147.0 2147.0 2147.0 2147.0 2147.0 2147.0 2147.0
1829.1 1829.1 1829.1 2123.5 2123.5 2123.5 2123.5 2123.5 2123.5 2123.5 2123.5 2123.5 2123.5 2123.5 2123.5 2123.5 2123.5 2123.5 2123.5 2232.5 2232.5 2232.5 2232.5 2232.5 1947.5 1426.6 1426.6 1426.6 1426.6 1426.6 1426.6 1426.6 1426.6 2027.6 2027.6 2027.6 2027.6 2027.6 2027.6 2027.6 2027.6 2027.6 2027.6 2027.6 2027.6 2092.9 2698.6 2698.6 2698.6 2698.6 2698.6 2698.6 2698.6 2698.6 2698.6 2698.6 2698.6 2479.1 2479.1 2479.1 2479.1 2479.1 2479.1 2147.0 2147.0 2147.0 2147.0 2147.0 2147.0 2147.0 2147.0 2147.0 2147.0 2147.0
1829.1 1829.1 1829.1 2123.5 2123.5 2123.5 2123.5 2123.5 2123.5 2123.5 2123.5 2123.5 2123.5 2123.5 2123.5 2123.5 2123.5 2123.5 2232.5 2232.5 2232.5 2232.5 2232.5 1947.5 1947.5 1426.6 1426.6 1426.6 1426.6 1426.6 1426.6 1426.6 1426.6 1426.6 1426.6 2027.6 2027.6 2027.6 2027.6 2027.6 2027.6 2027.6 2092.9 2092.9 2092.9 2092.9 2092.9 2698.6 2698.6 2698.6 2698.6 2698.6 2698.6 2698.6 2698.6 2698.6 2698.6 2698.6 2698.6 2479.1 2479.1 2479.1 2147.0 2147.0 2147.0 2147.0 2147.0 2147.0 2147.0 2147.0 2147.0 2147.0 2147.0 2147.0
1829.1 1829.1 1829.1 2123.5 2123.5 2123.5 2123.5 2123.5 2123.5 2123.5 2123.5 2123.5 2123.5 2123.5 2123.5 2123.5 2123.5 2232.5 2232.5 2232.5 2232.5 2232.5 2232.5 1947.5 1947.5 1426.6 1426.6 1426.6 1426.6 1426.6 1426.6 1426.6 1426.6 1426.6 1426.6 1426.6 2027.6 2027.6 2027.6 2027.6 2092.9 2092.9 2092.9 2092.9 2092.9 2092.9 2092.9 2698.6 2698.6 2698.6 2698.6 2698.6 2698.6 2698.6 2698.6 2698.6 2698.6 2698.6 2698.6 2698.6 2479.1 2147.0 2147.0 2147.0 2147.0 2147.0 2147.0 2147.0 2147.0 2147.0 2147.0 2147.0 2147.0 2147.0
1829.1 1829.1 1829.1 2123.5 2123.5 2123.5 2123.5 2123.5 2123.5 2123.5 2123.5 2123.5 2123.5 2123.5 2123.5 2123.5 2232.5 2232.5 2232.5 2232.5 2232.5 2232.5 1947.5 1947.5 1947.5 1947.5 1426.6 1426.6 1426.6 1426.6 1426.6 1426.6 1426.6 1426.6 1426.6 1426.6 1426.6 2027.6 1845.4 2092.9 2092.9 2092.9 2092.9 2092.9 2092.9 2092.9 2092.9 2092.9 2698.6 2698.6 2698.6 2698.6 2698.6 2698.6 2698.6 2698.6 2698.6 2698.6 2698.6 2698.6 2698.6 2147.0 2147.0 2147.0 2147.0 2147.0 2147.0 2147.0 2147.0 2147.0 2147.0 2147.0 2147.0 2147.0
1829.1 1829.1 1829.1 2123.5 2123.5 2123.5 2123.5 2123.5 2123.5 2123.5 2123.5 2123.5 2123.5 2123.5 2123.5 2232.5 2232.5 2232.5 2232.5 2232.5 2232.5 1947.5 1947.5 1947.5 1947.5 1947.5 1426.6 1426.6 1426.6 1426.6 1426.6 1426.6 1426.6 1426.6 1426.6 1426.6 1426.6 1845.4 1845.4 2092.9 2092.9 2092.9 2092.9 2092.9 2092.9 2092.9 2092.9 2092.9 2698.6 2698.6 2698.6 2698.6 2698.6 2698.6 2698.6 2698.6 2698.6 2698.6 2698.6 2698.6 2698.6 2147.0 2147.0 2147.0 2147.0 2147.0 2147.0 2147.0 2147.0 2147.0 2147.0 2147.0 2147.0 2147.0
1829.1 788.4 788.4 788.4 2123.5 2123.5 2123.5 2123.5 2123.5 2123.5 2123.5 2123.5 2123.5 2123.5 2232.5 2232.5 2232.5 2232.5 2232.5 2232.5 2232.5 1947.5 1947.5 1947.5 1947.5 1947.5 1426.6 1426.6 1426.6 1426.6 1426.6 1426.6 1426.6 1426.6 1426.6 1426.6 1845.4 1845.4 1845.4 1845.4 2092.9 2092.9 2092.9 2092.9 2092.9 2092.9 2092.9 2092.9 2092.9 2698.6 2698.6 2698.6 2698.6 2698.6 2698.6 2698.6 2698.6 2698.6 2698.6 2698.6 2698.6 2147.0 2147.0 2147.0 2147.0 2147.0 2147.0 2147.0 2147.0 2147.0 2147.0 2147.0 2147.0 2147.0
788.4 788.4 788.4 788.4 788.4 2123.5 2123.5 2123.5 2123.5 2123.5 2123.5 2123.5 2123.5 2232.5 2232.5 2232.5 2232.5 2232.5 2232.5 2232.5 1947.5 1947.5 1947.5 1947.5 1947.5 1947.5 1426.6 1426.6 1426.6 1426.6 1426.6 1426.6 1426.6 1426.6 1426.6 1426.6 1845.4 1845.4 1845.4 1845.4 2092.9 2092.9 2092.9 2092.9 2092.9 2092.9 2092.9 2092.9 2092.9 1706.0 2698.6 2698.6 2698.6 2698.6 2698.6 2698.6 2698.6 2698.6 2698.6 2698.6 2698.6 2147.0 2147.0 2147.0 2147.0 2147.0 2147.0 2147.0 2147.0 2147.0 2147.0 2147.0 2147.0 2147.0
788.4 788.4 788.4 788.4 788.4 788.4 2123.5 2123.5 2123.5 2123.5 2123.5 2123.5 2232.5 2232.5 2232.5 2232.5 2232.5 2232.5 2232.5 1947.5 1947.5 1947.5 1947.5 1947.5 1947.5 1947.5 1426.6 1426.6 1426.6 1426.6 1426.6 1426.6 1426.6 1426.6 1426.6 1845.4 1845.4 1845.4 1845.4 1845.4 1845.4 2092.9 2092.9 2092.9 2092.9 2092.9 2092.9 2092.9 2092.9 1706.0 1706.0 2698.6 2698.6 2698.6 2698.6 2698.6 2698.6 2698.6 2698.6 2698.6 2698.6 2147.0 2147.0 2147.0 2147.0 2147.0 2147.0 2147.0 2147.0 2147.0 2147.0 2147.0 2147.0 2147.0
788.4 788.4 788.4 788.4 788.4 788.4 788.4 2123.5 2123.5 2123.5 2123.5 2232.5 2232.5 2232.5 2232.5 2232.5 2232.5 2232.5 2232.5 1947.5 1947.5 1947.5 1947.5 1947.5 1947.5 1947.5 1426.6 1426.6 1426.6 1426.6 1426.6 1426.6 1426.6 1426.6 1426.6 1845.4 1845.4 1845.4 1845.4 1845.4 1845.4 2092.9 2092.9 2092.9 2092.9 2092.9 2092.9 2092.9 1706.0 1706.0 1706.0 1706.0 1706.0 2698.6 2698.6 2698.6 2698.6 2698.6 2698.6 2698.6 2331.3 2331.3 2147.0 2147.0 2147.0 2147.0 2147.0 2147.0 2147.0 2147.0 2147.0 2147.0 2147.0 2147.0
788.4 788.4 788.4 788.4 788.4 788.4 788.4 788.4 2123.5 2123.5 2232.5 2232.5 2232.5 2232.5 2232.5 2232.5 2232.5 2232.5 1947.5 1947.5 1947.5 1947.5 1947.5 1947.5 1947.5 1947.5 1426.6 1426.6 1426.6 1426.6 1426.6 1426.6 1426.6 1426.6 1845.4 1845.4 1845.4 1845.4 1845.4 1845.4 1845.4 1845.4 2092.9 2092.9 2092.9 2092.9 2092.9 2092.9 1706.0 1706.0 1706.0 1706.0 1706.0 1706.0 2698.6 2698.6 2698.6 2698.6 2331.3 2331.3 2331.3 2331.3 2331.3 2331.3 2147.0 2147.0 2147.0 2147.0 2147.0 2147.0 2147.0 2147.0 2147.0 2147.0
788.4 788.4 788.4 788.4 788.4 788.4 788.4 788.4 788.4 2232.5 2232.5 2232.5 2232.5 2232.5 2232.5 2232.5 2232.5 1947.5 1947.5 1947.5 1947.5 1947.5 1947.5 1947.5 1947.5 1947.5 1426.6 1426.6 1426.6 1426.6 1426.6 1426.6 1426.6 1426.6 1845.4 1845.4 1845.4 1845.4 1845.4 1845.4 1845.4 1845.4 2092.9 2092.9 2092.9 2092.9 2092.9 1706.0 1706.0 1706.0 1706.0 1706.0 1706.0 1706.0 1706.0 2331.3 2331.3 2331.3 2331.3 2331.3 2331.3 2331.3 2331.3 2331.3 2331.3 2331.3 2331.3 2147.0 2147.0 2147.0 2147.0 2147.0 2147.0 2147.0
788.4 788.4 788.4 788.4 788.4 788.4 788.4 788.4 788.4 2232.5 2232.5 2232.5 2232.5 2232.5 2232.5 2232.5 1947.5 1947.5 1947.5 1947.5 1947.5 1947.5 1947.5 1947.5 1947.5 1947.5 1426.6 1426.6 1426.6 1426.6 1426.6 1426.6 1426.6 1845.4 1845.4 1845.4 1845.4 1845.4 1845.4 1845.4 1845.4 1845.4 2092.9 2092.9 2092.9 2092.9 2092.9 1706.0 1706.0 1706.0 1706.0 1706.0 1706.0 1706.0 1706.0 2331.3 2331.3 2331.3 2331.3 2331.3 2331.3 2331.3 2331.3 2331.3 2331.3 2331.3 2331.3 2331.3 2331.3 2147.0 2147.0 2147.0 2147.0 2147.0
788.4 788.4 788.4 788.4 788.4 788.4 788.4 788.4 788.4 788.4 2232.5 2232.5 2232.5 2232.5 2232.5 2232.5 1947.5 1947.5 1947.5 1947.5 1947.5 1947.5 1947.5 1947.5 1947.5 1947.5 1426.6 1426.6 1426.6 1426.6 1426.6 1426.6 1845.4 1845.4 1845.4 1845.4 1845.4 1845.4 1845.4 1845.4 1845.4 1845.4 1845.4 2092.9 2092.9 2092.9 1706.0 1706.0 1706.0 1706.0 1706.0 1706.0 1706.0 1706.0 1706.0 2331.3 2331.3 2331.3 2331.3 2331.3 2331.3 2331.3 2331.3 2331.3 2331.3 2331.3 2331.3 2331.3 2331.3 2331.3 2465.6 2465.6 2465.6 2565.1
788.4 788.4 788.4 788.4 788.4 788.4 788.4 788.4 788.4 788.4 2232.5 2232.5 2232.5 2232.5 2232.5 1947.5 1947.5 1152.5 1152.5 1152.5 1152.5 1152.5 1152.5 1152.5 1152.5 1152.5 952.3 952.3 952.3 952.3 952.3 952.3 1845.4 1845.4 1845.4 1845.4 1845.4 1845.4 1845.4 1845.4 1845.4 1845.4 1845.4 2092.9 2092.9 1706.0 1706.0 1706.0 1706.0 1706.0 1706.0 1706.0 1706.0 1706.0 1706.0 2331.3 2331.3 2331.3 2331.3 2331.3 2331.3 2331.3 2331.3 2331.3 2331.3 2331.3 2331.3 2331.3 2331.3 2465.6 2465.6 2465.6 2465.6 2565.1
788.4 788.4 788.4 788.4 788.4 788.4 788.4 788.4 788.4 788.4 788.4 2232.5 1152.5 1152.5 1152.5 1152.5 1152.5 1152.5 1152.5 1152.5 1152.5 1152.5 1152.5 1152.5 1152.5 1152.5 952.3 952.3 952.3 952.3 952.3 952.3 952.3 1845.4 1845.4 1845.4 1845.4 1845.4 1845.4 1845.4 1845.4 1845.4 1845.4 1845.4 2092.9 1706.0 1706.0 1706.0 1706.0 1706.0 1706.0 1706.0 1706.0 1706.0 1706.0 2331.3 2331.3 2331.3 2331.3 2331.3 2331.3 2331.3 2331.3 2331.3 2331.3 2331.3 2331.3 2465.6 2465.6 2465.6 2465.6 2465.6 2465.6 2565.1
