code_hw01/nn.asc
NCOLS 184
NROWS 101
XLLCORNER 505011.47
YLLCORNER 5258286.13
CELLSIZE 100.0
NODATA_VALUE -9999
[rows 0 to 35 of 101, columns 82 to 163 of 184]
146.0 146.0 146.0 146.0 51.0 51.0 7.0 7.0 7.0 7.0 7.0 5.0 5.0 5.0 3.0 3.0 0.0 0.0 0.0 0.0 0.0 0.0 0.0 0.0 0.0 0.0 0.0 0.0 0.0 0.0 0.0 0.0 0.0 0.0 0.0 0.0 0.0 0.0 0.0 0.0 0.0 0.0 0.0 0.0 0.0 5.0 0.0 0.0 0.0 0.0 1.0 0.0 0.0 9.0 11.0 14.0 25.0 25.0 25.0 28.0 41.0 41.0 41.0 41.0 36.0 34.0 34.0 34.0 31.0 31.0 31.0 34.0 41.0 42.0 42.0 41.0 41.0 33.0 33.0 31.0 31.0 31.0
146.0 146.0 147.0 51.0 51.0 51.0 51.0 7.0 7.0 7.0 7.0 5.0 5.0 5.0 3.0 3.0 0.0 0.0 0.0 0.0 0.0 0.0 0.0 0.0 0.0 0.0 0.0 0.0 0.0 0.0 0.0 0.0 0.0 0.0 0.0 0.0 0.0 0.0 0.0 0.0 0.0 0.0 0.0 0.0 0.0 0.0 0.0 0.0 0.0 0.0 0.0 0.0 0.0 9.0 5.0 14.0 14.0 28.0 28.0 28.0 21.0 41.0 41.0 35.0 36.0 34.0 34.0 34.0 28.0 28.0 28.0 34.0 41.0 42.0 42.0 36.0 36.0 33.0 33.0 33.0 31.0 31.0
147.0 147.0 147.0 51.0 51.0 51.0 51.0 3.0 3.0 3.0 0.0 0.0 0.0 0.0 0.0 0.0 0.0 0.0 0.0 0.0 0.0 0.0 0.0 0.0 0.0 0.0 0.0 0.0 0.0 0.0 0.0 0.0 0.0 0.0 1.0 1.0 0.0 0.0 0.0 0.0 0.0 0.0 0.0 0.0 0.0 0.0 0.0 0.0 0.0 0.0 0.0 0.0 0.0 5.0 5.0 14.0 28.0 28.0 28.0 21.0 21.0 21.0 35.0 35.0 35.0 34.0 34.0 34.0 28.0 28.0 28.0 32.0 41.0 41.0 40.0 36.0 36.0 33.0 31.0 19.0 19.0 3.0
100.0 147.0 147.0 51.0 51.0 34.0 12.0 3.0 3.0 1.0 0.0 0.0 0.0 0.0 0.0 0.0 0.0 0.0 0.0 0.0 0.0 0.0 0.0 0.0 0.0 0.0 0.0 0.0 0.0 0.0 0.0 0.0 0.0 0.0 1.0 1.0 0.0 0.0 0.0 0.0 0.0 0.0 0.0 0.0 0.0 0.0 0.0 0.0 0.0 0.0 0.0 0.0 0.0 0.0 0.0 2.0 7.0 7.0 7.0 21.0 21.0 10.0 28.0 28.0 21.0 21.0 13.0 22.0 22.0 22.0 27.0 32.0 38.0 38.0 40.0 40.0 36.0 31.0 31.0 27.0 19.0 3.0
100.0 48.0 48.0 34.0 34.0 12.0 12.0 12.0 1.0 0.0 0.0 0.0 0.0 0.0 0.0 0.0 0.0 0.0 0.0 0.0 0.0 0.0 0.0 0.0 0.0 0.0 0.0 0.0 0.0 8.0 8.0 6.0 6.0 16.0 1.0 1.0 0.0 0.0 0.0 0.0 0.0 0.0 0.0 0.0 0.0 0.0 0.0 0.0 0.0 0.0 0.0 0.0 0.0 0.0 0.0 0.0 4.0 4.0 0.0 0.0 6.0 10.0 28.0 5.0 5.0 13.0 13.0 30.0 22.0 22.0 22.0 27.0 38.0 38.0 40.0 40.0 40.0 36.0 27.0 27.0 7.0 3.0
100.0 48.0 48.0 10.0 10.0 12.0 12.0 1.0 1.0 0.0 0.0 0.0 0.0 0.0 0.0 0.0 0.0 0.0 0.0 0.0 0.0 0.0 0.0 0.0 0.0 0.0 1.0 1.0 8.0 8.0 14.0 6.0 6.0 16.0 16.0 16.0 0.0 9.0 9.0 3.0 0.0 0.0 0.0 0.0 0.0 0.0 0.0 0.0 0.0 0.0 0.0 0.0 0.0 0.0 0.0 0.0 0.0 4.0 0.0 0.0 0.0 0.0 0.0 5.0 5.0 13.0 13.0 30.0 30.0 30.0 30.0 33.0 35.0 35.0 40.0 40.0 36.0 31.0 31.0 2.0 7.0 7.0
77.0 48.0 48.0 10.0 10.0 3.0 1.0 1.0 1.0 0.0 0.0 0.0 0.0 0.0 0.0 0.0 0.0 0.0 0.0 0.0 0.0 0.0 0.0 0.0 0.0 0.0 1.0 1.0 14.0 14.0 14.0 17.0 17.0 17.0 16.0 18.0 18.0 18.0 3.0 3.0 5.0 0.0 0.0 0.0 0.0 0.0 0.0 0.0 0.0 0.0 0.0 0.0 0.0 0.0 0.0 0.0 0.0 0.0 0.0 0.0 0.0 0.0 0.0 0.0 5.0 13.0 30.0 30.0 30.0 30.0 30.0 33.0 35.0 35.0 39.0 39.0 39.0 31.0 31.0 2.0 18.0 18.0
27.0 34.0 31.0 19.0 4.0 4.0 3.0 1.0 0.0 0.0 0.0 0.0 0.0 0.0 0.0 0.0 0.0 0.0 0.0 0.0 23.0 5.0 5.0 4.0 4.0 7.0 20.0 20.0 20.0 26.0 26.0 17.0 17.0 17.0 41.0 39.0 18.0 18.0 21.0 8.0 10.0 10.0 0.0 0.0 0.0 0.0 0.0 0.0 0.0 0.0 0.0 0.0 0.0 0.0 0.0 0.0 0.0 0.0 0.0 0.0 0.0 0.0 0.0 0.0 5.0 0.0 22.0 22.0 22.0 31.0 31.0 32.0 32.0 35.0 35.0 39.0 39.0 31.0 31.0 3.0 6.0 18.0
26.0 18.0 18.0 4.0 4.0 4.0 4.0 0.0 0.0 0.0 0.0 0.0 0.0 0.0 0.0 0.0 0.0 0.0 0.0 0.0 23.0 23.0 23.0 7.0 7.0 7.0 19.0 19.0 20.0 26.0 26.0 17.0 17.0 17.0 41.0 41.0 39.0 39.0 21.0 21.0 18.0 18.0 1.0 0.0 0.0 0.0 0.0 0.0 0.0 0.0 0.0 0.0 0.0 0.0 0.0 0.0 0.0 0.0 0.0 0.0 0.0 0.0 0.0 0.0 0.0 0.0 0.0 22.0 24.0 24.0 31.0 32.0 32.0 35.0 35.0 33.0 30.0 30.0 2.0 4.0 8.0 8.0
26.0 7.0 7.0 4.0 4.0 0.0 0.0 0.0 0.0 0.0 0.0 0.0 0.0 0.0 0.0 0.0 0.0 8.0 10.0 24.0 19.0 19.0 23.0 7.0 7.0 19.0 19.0 19.0 28.0 26.0 26.0 26.0 46.0 46.0 46.0 41.0 39.0 29.0 29.0 29.0 18.0 18.0 1.0 5.0 5.0 0.0 0.0 0.0 0.0 0.0 0.0 0.0 0.0 0.0 0.0 0.0 0.0 0.0 0.0 0.0 0.0 0.0 0.0 0.0 0.0 0.0 0.0 0.0 24.0 24.0 32.0 32.0 32.0 32.0 35.0 33.0 33.0 12.0 2.0 2.0 8.0 8.0
26.0 7.0 7.0 0.0 0.0 0.0 0.0 0.0 0.0 0.0 0.0 0.0 0.0 0.0 6.0 6.0 8.0 8.0 10.0 24.0 46.0 46.0 46.0 91.0 47.0 47.0 33.0 33.0 28.0 48.0 48.0 56.0 51.0 46.0 50.0 50.0 40.0 40.0 34.0 20.0 18.0 17.0 17.0 5.0 5.0 0.0 0.0 0.0 0.0 0.0 0.0 0.0 0.0 0.0 0.0 0.0 0.0 0.0 0.0 0.0 0.0 0.0 0.0 0.0 0.0 0.0 0.0 0.0 0.0 24.0 15.0 15.0 15.0 31.0 30.0 33.0 26.0 12.0 12.0 12.0 8.0 8.0
0.0 0.0 0.0 0.0 0.0 0.0 0.0 0.0 0.0 0.0 0.0 0.0 22.0 22.0 6.0 6.0 6.0 60.0 60.0 60.0 46.0 46.0 91.0 91.0 47.0 47.0 44.0 44.0 33.0 48.0 48.0 56.0 51.0 51.0 57.0 50.0 51.0 51.0 34.0 20.0 20.0 17.0 17.0 18.0 18.0 0.0 0.0 0.0 0.0 0.0 0.0 0.0 0.0 0.0 0.0 0.0 0.0 0.0 0.0 0.0 0.0 0.0 0.0 0.0 0.0 0.0 0.0 0.0 0.0 0.0 15.0 15.0 15.0 25.0 25.0 26.0 26.0 0.0 0.0 0.0 20.0 28.0
0.0 0.0 0.0 0.0 0.0 0.0 0.0 0.0 0.0 0.0 0.0 0.0 10.0 22.0 59.0 59.0 27.0 27.0 27.0 71.0 92.0 92.0 91.0 91.0 91.0 47.0 47.0 63.0 57.0 57.0 48.0 56.0 56.0 66.0 60.0 58.0 55.0 51.0 34.0 20.0 20.0 38.0 27.0 23.0 20.0 21.0 17.0 17.0 2.0 0.0 0.0 0.0 0.0 0.0 0.0 0.0 0.0 0.0 0.0 0.0 0.0 0.0 0.0 0.0 0.0 0.0 0.0 0.0 0.0 0.0 0.0 15.0 15.0 24.0 24.0 24.0 0.0 0.0 0.0 20.0 20.0 20.0
0.0 0.0 0.0 0.0 0.0 0.0 0.0 0.0 0.0 0.0 4.0 1.0 10.0 10.0 59.0 90.0 90.0 27.0 59.0 59.0 92.0 92.0 92.0 91.0 112.0 112.0 63.0 63.0 71.0 57.0 78.0 78.0 70.0 70.0 70.0 60.0 60.0 60.0 55.0 20.0 38.0 38.0 33.0 33.0 21.0 21.0 17.0 17.0 2.0 2.0 0.0 4.0 4.0 4.0 0.0 0.0 0.0 0.0 0.0 0.0 0.0 0.0 0.0 0.0 0.0 0.0 0.0 0.0 0.0 0.0 0.0 1.0 15.0 15.0 24.0 24.0 0.0 0.0 0.0 5.0 20.0 20.0
0.0 0.0 0.0 0.0 0.0 0.0 0.0 0.0 0.0 3.0 4.0 38.0 38.0 79.0 124.0 90.0 90.0 27.0 59.0 59.0 92.0 92.0 92.0 138.0 138.0 112.0 126.0 71.0 71.0 75.0 78.0 78.0 87.0 70.0 70.0 57.0 57.0 60.0 55.0 55.0 38.0 38.0 39.0 39.0 39.0 50.0 52.0 52.0 37.0 37.0 27.0 4.0 4.0 4.0 0.0 0.0 0.0 0.0 0.0 0.0 0.0 0.0 0.0 0.0 0.0 0.0 0.0 0.0 0.0 0.0 0.0 1.0 15.0 15.0 11.0 11.0 0.0 2.0 2.0 5.0 20.0 20.0
0.0 0.0 0.0 0.0 0.0 0.0 0.0 1.0 2.0 4.0 56.0 55.0 55.0 79.0 124.0 124.0 90.0 90.0 90.0 90.0 116.0 116.0 140.0 140.0 138.0 138.0 126.0 126.0 108.0 75.0 74.0 78.0 87.0 87.0 74.0 53.0 53.0 60.0 55.0 55.0 59.0 54.0 54.0 39.0 48.0 50.0 52.0 37.0 37.0 30.0 37.0 27.0 27.0 4.0 0.0 0.0 0.0 0.0 0.0 0.0 0.0 0.0 0.0 0.0 0.0 0.0 0.0 0.0 0.0 0.0 0.0 0.0 11.0 11.0 8.0 8.0 8.0 2.0 0.0 0.0 0.0 12.0
1.0 0.0 0.0 0.0 0.0 2.0 2.0 0.0 13.0 13.0 56.0 75.0 75.0 55.0 121.0 121.0 121.0 63.0 63.0 90.0 116.0 116.0 140.0 140.0 140.0 178.0 130.0 130.0 108.0 104.0 104.0 87.0 87.0 87.0 74.0 74.0 53.0 60.0 55.0 55.0 59.0 59.0 59.0 50.0 48.0 64.0 64.0 37.0 37.0 30.0 45.0 37.0 37.0 39.0 0.0 0.0 2.0 0.0 0.0 0.0 0.0 0.0 0.0 0.0 0.0 0.0 0.0 0.0 0.0 0.0 0.0 0.0 5.0 5.0 5.0 8.0 8.0 0.0 0.0 0.0 0.0 12.0
1.0 1.0 1.0 8.0 16.0 4.0 2.0 32.0 32.0 42.0 48.0 75.0 75.0 121.0 121.0 121.0 198.0 63.0 63.0 63.0 90.0 162.0 162.0 140.0 140.0 178.0 170.0 172.0 173.0 134.0 137.0 114.0 103.0 103.0 78.0 81.0 81.0 82.0 82.0 103.0 94.0 73.0 59.0 50.0 61.0 64.0 64.0 64.0 30.0 30.0 48.0 37.0 39.0 39.0 12.0 2.0 2.0 10.0 10.0 10.0 0.0 0.0 0.0 0.0 0.0 0.0 0.0 0.0 0.0 0.0 0.0 0.0 0.0 0.0 5.0 5.0 11.0 11.0 0.0 0.0 0.0 0.0
1.0 1.0 8.0 8.0 16.0 9.0 9.0 32.0 32.0 42.0 107.0 107.0 166.0 166.0 165.0 198.0 198.0 162.0 63.0 63.0 107.0 162.0 162.0 162.0 178.0 178.0 172.0 172.0 173.0 137.0 114.0 147.0 103.0 103.0 103.0 81.0 81.0 105.0 103.0 103.0 94.0 73.0 73.0 64.0 64.0 61.0 64.0 47.0 47.0 47.0 47.0 47.0 39.0 39.0 12.0 12.0 10.0 10.0 10.0 10.0 0.0 0.0 0.0 0.0 0.0 0.0 0.0 0.0 0.0 0.0 0.0 0.0 0.0 0.0 0.0 11.0 11.0 11.0 11.0 0.0 0.0 0.0
1.0 46.0 46.0 46.0 16.0 59.0 59.0 59.0 86.0 86.0 107.0 107.0 166.0 166.0 218.0 209.0 162.0 162.0 93.0 93.0 107.0 107.0 162.0 162.0 178.0 178.0 178.0 210.0 173.0 127.0 114.0 169.0 169.0 158.0 158.0 132.0 114.0 105.0 103.0 116.0 94.0 75.0 75.0 64.0 70.0 70.0 70.0 47.0 47.0 47.0 61.0 47.0 47.0 47.0 12.0 12.0 22.0 10.0 10.0 0.0 0.0 0.0 0.0 0.0 0.0 0.0 0.0 0.0 0.0 0.0 0.0 0.0 0.0 0.0 0.0 11.0 11.0 11.0 11.0 0.0 0.0 0.0
53.0 46.0 46.0 46.0 90.0 59.0 59.0 59.0 86.0 86.0 86.0 107.0 260.0 260.0 218.0 218.0 162.0 162.0 93.0 102.0 129.0 129.0 162.0 267.0 267.0 178.0 219.0 210.0 173.0 127.0 127.0 169.0 169.0 158.0 132.0 132.0 114.0 114.0 116.0 116.0 106.0 84.0 84.0 107.0 70.0 70.0 60.0 60.0 47.0 47.0 61.0 52.0 50.0 50.0 12.0 22.0 22.0 28.0 28.0 0.0 0.0 0.0 0.0 0.0 0.0 0.0 0.0 0.0 0.0 0.0 0.0 0.0 0.0 0.0 0.0 0.0 11.0 11.0 10.0 0.0 0.0 0.0
53.0 53.0 46.0 46.0 90.0 90.0 197.0 197.0 127.0 127.0 127.0 270.0 270.0 274.0 274.0 208.0 134.0 134.0 134.0 129.0 162.0 162.0 162.0 267.0 267.0 219.0 219.0 231.0 185.0 138.0 213.0 213.0 158.0 158.0 132.0 129.0 137.0 137.0 186.0 153.0 106.0 106.0 107.0 107.0 78.0 78.0 60.0 60.0 61.0 47.0 61.0 52.0 50.0 50.0 25.0 22.0 22.0 28.0 31.0 5.0 5.0 0.0 0.0 0.0 0.0 0.0 0.0 0.0 0.0 0.0 0.0 0.0 0.0 0.0 0.0 0.0 11.0 11.0 10.0 0.0 0.0 0.0
53.0 53.0 55.0 94.0 122.0 122.0 197.0 197.0 197.0 127.0 127.0 270.0 270.0 315.0 208.0 208.0 134.0 134.0 134.0 153.0 153.0 153.0 261.0 261.0 300.0 300.0 219.0 261.0 261.0 138.0 213.0 213.0 222.0 222.0 129.0 129.0 151.0 194.0 186.0 153.0 135.0 106.0 114.0 114.0 78.0 78.0 68.0 57.0 57.0 57.0 52.0 50.0 25.0 25.0 25.0 25.0 31.0 31.0 31.0 5.0 5.0 5.0 0.0 0.0 0.0 0.0 0.0 0.0 0.0 0.0 0.0 0.0 0.0 0.0 0.0 7.0 7.0 7.0 0.0 0.0 0.0 0.0
87.0 61.0 57.0 94.0 150.0 150.0 222.0 222.0 197.0 271.0 267.0 267.0 270.0 315.0 208.0 208.0 134.0 134.0 134.0 121.0 121.0 153.0 261.0 261.0 300.0 300.0 261.0 267.0 267.0 203.0 213.0 213.0 222.0 222.0 222.0 151.0 218.0 218.0 186.0 135.0 135.0 135.0 114.0 114.0 80.0 80.0 68.0 68.0 61.0 61.0 61.0 25.0 25.0 28.0 28.0 28.0 31.0 24.0 24.0 24.0 5.0 5.0 0.0 0.0 0.0 0.0 0.0 0.0 0.0 0.0 0.0 0.0 0.0 0.0 0.0 0.0 0.0 0.0 0.0 0.0 0.0 0.0
91.0 91.0 47.0 92.0 92.0 205.0 205.0 219.0 219.0 271.0 271.0 267.0 352.0 315.0 318.0 268.0 134.0 252.0 228.0 121.0 121.0 121.0 284.0 284.0 284.0 303.0 267.0 246.0 203.0 203.0 203.0 286.0 286.0 286.0 222.0 218.0 218.0 177.0 177.0 135.0 203.0 155.0 155.0 116.0 102.0 104.0 110.0 61.0 61.0 61.0 75.0 58.0 58.0 28.0 28.0 28.0 50.0 24.0 24.0 24.0 35.0 2.0 0.0 0.0 0.0 0.0 0.0 0.0 0.0 0.0 0.0 0.0 0.0 0.0 0.0 0.0 0.0 0.0 0.0 0.0 0.0 0.0
91.0 99.0 50.0 92.0 175.0 175.0 186.0 186.0 219.0 271.0 271.0 352.0 352.0 318.0 318.0 268.0 252.0 252.0 228.0 228.0 228.0 139.0 149.0 284.0 303.0 303.0 303.0 246.0 203.0 203.0 203.0 286.0 286.0 286.0 318.0 318.0 177.0 177.0 177.0 203.0 203.0 155.0 151.0 129.0 102.0 104.0 110.0 110.0 112.0 75.0 75.0 58.0 58.0 58.0 28.0 50.0 50.0 50.0 35.0 35.0 35.0 2.0 2.0 2.0 0.0 0.0 0.0 0.0 0.0 0.0 0.0 0.0 0.0 0.0 0.0 0.0 0.0 0.0 0.0 0.0 0.0 0.0
121.0 121.0 121.0 50.0 175.0 175.0 225.0 225.0 232.0 367.0 373.0 373.0 352.0 318.0 318.0 268.0 252.0 252.0 252.0 228.0 228.0 139.0 151.0 151.0 303.0 303.0 304.0 325.0 325.0 325.0 276.0 308.0 308.0 317.0 318.0 318.0 177.0 242.0 242.0 255.0 203.0 203.0 151.0 129.0 104.0 110.0 110.0 121.0 112.0 75.0 75.0 58.0 58.0 49.0 56.0 56.0 50.0 50.0 49.0 35.0 35.0 2.0 2.0 5.0 5.0 0.0 0.0 0.0 0.0 0.0 0.0 0.0 0.0 0.0 0.0 0.0 0.0 0.0 0.0 0.0 0.0 0.0
121.0 121.0 89.0 89.0 106.0 197.0 225.0 232.0 232.0 241.0 367.0 367.0 384.0 382.0 382.0 293.0 254.0 252.0 298.0 279.0 279.0 194.0 177.0 177.0 304.0 304.0 304.0 325.0 325.0 325.0 276.0 308.0 308.0 317.0 317.0 318.0 318.0 242.0 242.0 292.0 292.0 203.0 196.0 196.0 200.0 120.0 120.0 121.0 112.0 75.0 67.0 67.0 49.0 49.0 56.0 56.0 50.0 54.0 60.0 60.0 58.0 2.0 11.0 11.0 11.0 0.0 0.0 0.0 0.0 0.0 0.0 0.0 0.0 0.0 0.0 0.0 0.0 0.0 0.0 0.0 0.0 0.0
175.0 175.0 89.0 107.0 106.0 197.0 197.0 232.0 241.0 241.0 241.0 382.0 382.0 382.0 382.0 254.0 254.0 254.0 298.0 298.0 288.0 194.0 177.0 199.0 199.0 304.0 304.0 325.0 325.0 306.0 272.0 301.0 297.0 353.0 353.0 353.0 308.0 308.0 292.0 292.0 292.0 212.0 212.0 196.0 200.0 200.0 120.0 112.0 97.0 97.0 70.0 58.0 58.0 56.0 56.0 56.0 72.0 58.0 58.0 58.0 58.0 31.0 11.0 11.0 11.0 0.0 0.0 0.0 0.0 0.0 0.0 0.0 0.0 0.0 0.0 0.0 0.0 0.0 0.0 0.0 0.0 0.0
297.0 175.0 175.0 107.0 100.0 100.0 165.0 165.0 241.0 241.0 327.0 367.0 376.0 376.0 366.0 366.0 254.0 280.0 280.0 298.0 288.0 288.0 183.0 205.0 270.0 270.0 304.0 364.0 364.0 364.0 283.0 301.0 301.0 390.0 353.0 353.0 308.0 308.0 292.0 292.0 292.0 212.0 212.0 212.0 212.0 212.0 133.0 112.0 97.0 97.0 70.0 58.0 58.0 58.0 56.0 72.0 72.0 72.0 72.0 58.0 31.0 28.0 18.0 18.0 18.0 0.0 0.0 0.0 0.0 0.0 0.0 0.0 0.0 0.0 0.0 0.0 0.0 0.0 0.0 0.0 0.0 0.0
297.0 297.0 131.0 132.0 100.0 198.0 204.0 165.0 165.0 241.0 327.0 323.0 376.0 382.0 382.0 366.0 342.0 342.0 280.0 320.0 268.0 268.0 268.0 270.0 270.0 332.0 332.0 342.0 364.0 364.0 364.0 398.0 398.0 390.0 390.0 331.0 331.0 331.0 345.0 345.0 345.0 236.0 236.0 228.0 228.0 212.0 131.0 130.0 114.0 114.0 81.0 81.0 69.0 69.0 69.0 72.0 72.0 72.0 72.0 31.0 31.0 28.0 28.0 18.0 18.0 0.0 0.0 0.0 2.0 0.0 0.0 0.0 0.0 0.0 0.0 0.0 0.0 0.0 0.0 0.0 0.0 18.0
331.0 297.0 132.0 132.0 198.0 198.0 204.0 204.0 231.0 231.0 323.0 323.0 323.0 382.0 382.0 342.0 342.0 342.0 342.0 320.0 304.0 282.0 282.0 295.0 338.0 332.0 332.0 342.0 342.0 458.0 458.0 398.0 398.0 398.0 421.0 422.0 391.0 409.0 418.0 345.0 345.0 236.0 251.0 227.0 215.0 174.0 174.0 130.0 114.0 114.0 81.0 81.0 69.0 69.0 69.0 65.0 65.0 65.0 65.0 29.0 29.0 29.0 14.0 14.0 18.0 20.0 0.0 2.0 2.0 2.0 10.0 0.0 0.0 0.0 0.0 0.0 0.0 0.0 0.0 0.0 0.0 0.0
344.0 242.0 242.0 194.0 194.0 194.0 204.0 204.0 231.0 231.0 231.0 365.0 365.0 382.0 382.0 342.0 342.0 397.0 397.0 304.0 304.0 282.0 295.0 295.0 338.0 383.0 407.0 411.0 411.0 458.0 458.0 458.0 448.0 448.0 444.0 422.0 409.0 418.0 429.0 345.0 345.0 251.0 251.0 227.0 215.0 171.0 146.0 146.0 107.0 107.0 81.0 91.0 91.0 76.0 76.0 76.0 65.0 65.0 73.0 73.0 29.0 14.0 14.0 14.0 20.0 20.0 10.0 10.0 8.0 15.0 10.0 0.0 0.0 12.0 12.0 0.0 0.0 0.0 0.0 0.0 0.0 0.0
344.0 242.0 242.0 194.0 194.0 194.0 331.0 331.0 280.0 280.0 272.0 367.0 367.0 367.0 367.0 488.0 488.0 423.0 406.0 364.0 364.0 340.0 340.0 338.0 383.0 407.0 407.0 411.0 463.0 463.0 514.0 476.0 476.0 462.0 454.0 463.0 463.0 429.0 429.0 429.0 290.0 290.0 235.0 205.0 154.0 154.0 146.0 131.0 131.0 107.0 91.0 91.0 81.0 81.0 76.0 86.0 86.0 73.0 73.0 32.0 32.0 32.0 14.0 20.0 20.0 20.0 20.0 10.0 10.0 24.0 24.0 11.0 9.0 12.0 12.0 0.0 0.0 0.0 0.0 0.0 0.0 1.0
344.0 242.0 227.0 227.0 201.0 201.0 331.0 331.0 345.0 280.0 309.0 350.0 352.0 411.0 411.0 488.0 488.0 468.0 468.0 364.0 364.0 349.0 363.0 397.0 407.0 407.0 448.0 448.0 463.0 463.0 514.0 514.0 413.0 427.0 427.0 463.0 438.0 429.0 429.0 319.0 290.0 290.0 235.0 205.0 205.0 205.0 176.0 131.0 131.0 131.0 91.0 81.0 81.0 81.0 107.0 86.0 86.0 66.0 70.0 32.0 32.0 32.0 36.0 22.0 20.0 25.0 25.0 18.0 16.0 24.0 24.0 11.0 11.0 9.0 12.0 0.0 0.0 0.0 0.0 0.0 0.0 0.0
399.0 399.0 227.0 227.0 201.0 311.0 311.0 345.0 345.0 357.0 309.0 350.0 350.0 411.0 411.0 411.0 488.0 488.0 468.0 364.0 368.0 368.0 397.0 397.0 419.0 419.0 448.0 448.0 448.0 514.0 470.0 470.0 413.0 380.0 380.0 380.0 438.0 380.0 319.0 319.0 307.0 307.0 251.0 251.0 220.0 212.0 176.0 176.0 131.0 131.0 144.0 81.0 81.0 107.0 107.0 109.0 72.0 59.0 59.0 57.0 47.0 47.0 36.0 22.0 22.0 25.0 25.0 18.0 16.0 16.0 32.0 32.0 28.0 28.0 11.0 11.0 0.0 0.0 0.0 0.0 0.0 0.0
