code_hw01/nn.asc
NCOLS 250
NROWS 250
XLLCORNER 2.0
YLLCORNER 3.0
CELLSIZE 1
NODATA_VALUE -9999
[rows 70 to 104 of 250, columns 158 to 236 of 250]
74.6 74.6 74.6 74.6 69.3 69.3 69.3 69.3 69.3 69.3 69.3 69.3 69.3 69.3 69.3 59.1 59.1 65.0 65.0 65.0 65.0 65.0 65.0 65.0 65.0 65.0 65.6 65.6 65.6 65.6 65.6 65.6 65.6 65.6 65.6 65.6 63.1 63.1 63.1 63.1 63.1 63.1 63.1 63.1 63.1 63.1 63.1 63.1 62.4 62.4 62.4 62.4 62.4 62.4 62.4 62.4 60.9 60.9 60.9 60.9 54.6 54.6 54.6 54.6 54.6 54.6 50.4 50.4 50.4 50.4 50.4 50.4 50.4 50.4 45.2 45.2 45.2 45.2 45.2
74.6 74.6 74.6 74.6 74.6 69.3 69.3 69.3 69.3 69.3 69.3 69.3 69.3 69.3 69.3 72.8 72.8 65.0 65.0 65.0 65.0 65.0 65.0 65.0 65.0 65.0 65.6 65.6 65.6 65.6 65.6 65.6 65.6 65.6 65.6 65.6 65.6 63.1 63.1 63.1 63.1 63.1 63.1 63.1 63.1 63.1 63.1 62.4 62.4 62.4 62.4 62.4 62.4 62.4 62.4 60.9 60.9 60.9 60.9 60.9 54.6 54.6 54.6 54.6 54.6 54.6 54.6 50.4 50.4 50.4 50.4 50.4 50.4 50.4 45.2 45.2 45.2 45.2 45.2
74.6 74.6 74.6 74.6 74.6 69.3 69.3 69.3 69.3 69.3 69.3 69.3 69.3 69.3 72.8 72.8 72.8 72.8 65.0 65.0 65.0 65.0 65.0 65.0 65.0 65.0 65.6 65.6 65.6 65.6 65.6 65.6 65.6 65.6 65.6 65.6 65.6 63.1 63.1 63.1 63.1 63.1 63.1 63.1 63.1 63.1 63.1 62.4 62.4 62.4 62.4 62.4 62.4 62.4 62.4 60.9 60.9 60.9 60.9 60.9 54.6 54.6 54.6 54.6 54.6 54.6 54.6 50.4 50.4 50.4 50.4 50.4 50.4 50.4 45.2 45.2 45.2 42.9 42.9
74.6 74.6 74.6 74.6 74.6 74.6 69.3 69.3 69.3 69.3 69.3 69.3 69.3 72.8 72.8 72.8 72.8 72.8 72.8 65.0 65.0 65.0 65.0 65.0 65.0 65.0 65.6 65.6 65.6 65.6 65.6 65.6 65.6 65.6 65.6 72.9 72.9 63.1 63.1 63.1 63.1 63.1 63.1 63.1 63.1 63.1 62.4 62.4 62.4 62.4 62.4 62.4 62.4 62.4 62.4 60.9 60.9 60.9 60.9 60.9 54.6 54.6 54.6 54.6 54.6 54.6 54.6 54.6 50.4 50.4 50.4 50.4 50.4 50.4 45.2 42.9 42.9 42.9 42.9
74.6 74.6 74.6 74.6 74.6 74.6 74.6 69.3 69.3 69.3 69.3 69.3 69.3 72.8 72.8 72.8 72.8 72.8 72.8 72.8 65.0 65.0 65.0 65.0 65.0 65.0 65.6 65.6 72.9 72.9 72.9 72.9 72.9 72.9 72.9 72.9 72.9 72.9 63.1 63.1 63.1 63.1 63.1 63.1 63.1 62.4 62.4 62.4 62.4 62.4 62.4 62.4 62.4 62.4 60.9 60.9 60.9 60.9 60.9 60.9 54.6 54.6 54.6 54.6 54.6 54.6 54.6 54.6 54.6 50.4 50.4 50.4 44.3 44.3 44.3 44.3 42.9 42.9 42.9
74.6 74.6 74.6 74.6 74.6 74.6 74.6 69.3 69.3 69.3 69.3 69.3 72.8 72.8 72.8 72.8 72.8 72.8 72.8 72.8 72.8 65.0 65.0 65.0 65.0 72.9 72.9 72.9 72.9 72.9 72.9 72.9 72.9 72.9 72.9 72.9 72.9 74.1 74.1 74.1 74.1 74.1 63.1 63.1 63.1 62.4 62.4 62.4 62.4 62.4 62.4 62.4 62.4 62.4 60.9 60.9 60.9 60.9 60.9 60.9 54.6 54.6 54.6 54.6 54.6 54.6 54.6 54.6 54.6 50.4 50.4 45.5 44.3 44.3 44.3 44.3 44.3 42.9 42.9
74.6 74.6 74.6 74.6 74.6 74.6 74.6 74.6 69.3 69.3 69.3 72.8 72.8 72.8 72.8 72.8 72.8 72.8 72.8 72.8 72.8 76.1 76.1 76.1 72.9 72.9 72.9 72.9 72.9 72.9 72.9 72.9 72.9 72.9 72.9 72.9 72.9 74.1 74.1 74.1 74.1 74.1 74.1 74.1 62.4 62.4 62.4 62.4 62.4 62.4 62.4 62.4 62.4 62.4 60.9 60.9 60.9 60.9 60.9 60.9 54.6 54.6 54.6 54.6 54.6 54.6 54.6 54.6 54.6 45.5 45.5 45.5 45.5 44.3 44.3 44.3 44.3 44.3 42.9
80.9 74.6 74.6 74.6 74.6 74.6 74.6 74.6 69.3 69.3 72.8 72.8 72.8 72.8 72.8 72.8 72.8 72.8 72.8 72.8 72.8 76.1 76.1 76.1 72.9 72.9 72.9 72.9 72.9 72.9 72.9 72.9 72.9 72.9 72.9 72.9 74.1 74.1 74.1 74.1 74.1 74.1 74.1 74.1 74.1 62.4 62.4 62.4 62.4 62.4 62.4 62.4 62.4 60.9 60.9 60.9 60.9 60.9 60.9 60.9 54.6 54.6 54.6 54.6 54.6 54.6 54.6 54.6 54.6 45.5 45.5 45.5 45.5 45.5 44.3 44.3 44.3 44.3 44.3
80.9 80.9 74.6 74.6 74.6 74.6 74.6 74.6 74.6 72.8 72.8 72.8 72.8 72.8 72.8 72.8 72.8 72.8 72.8 72.8 76.1 76.1 76.1 76.1 76.1 72.9 72.9 72.9 72.9 72.9 72.9 72.9 72.9 72.9 72.9 74.1 74.1 74.1 74.1 74.1 74.1 74.1 74.1 74.1 74.1 74.1 62.4 62.4 62.4 62.4 62.4 62.4 62.4 60.9 60.9 60.9 60.9 60.9 60.9 60.9 54.6 54.6 54.6 54.6 54.6 54.6 54.6 54.6 45.5 45.5 45.5 45.5 45.5 45.5 45.5 44.3 44.3 44.3 44.3
80.9 80.9 80.9 74.6 74.6 74.6 74.6 74.6 74.6 75.0 75.0 75.0 75.0 75.0 75.0 75.0 75.0 75.0 75.0 76.1 76.1 76.1 76.1 76.1 76.1 72.9 72.9 72.9 72.9 72.9 72.9 72.9 72.9 72.9 72.9 74.1 74.1 74.1 74.1 74.1 74.1 74.1 74.1 74.1 74.1 74.1 70.3 62.4 62.4 62.4 62.4 62.4 62.4 60.9 60.9 60.9 60.9 60.9 60.9 60.9 54.6 54.6 54.6 54.6 54.6 54.6 54.6 45.5 45.5 45.5 45.5 45.5 45.5 45.5 45.5 45.5 44.3 44.3 44.3
80.9 80.9 80.9 84.2 84.2 84.3 84.3 84.3 84.3 75.0 75.0 75.0 75.0 75.0 75.0 75.0 75.0 75.0 77.2 76.1 76.1 76.1 76.1 76.1 76.1 78.8 78.8 72.9 72.9 72.9 72.9 72.9 72.9 72.9 74.1 74.1 74.1 74.1 74.1 74.1 74.1 74.1 74.1 74.1 74.1 74.1 70.3 70.3 70.3 70.3 62.4 62.4 60.9 60.9 60.9 60.9 60.9 60.9 60.9 60.9 54.6 54.6 54.6 54.6 54.6 54.6 54.6 45.5 45.5 45.5 45.5 45.5 45.5 45.5 45.5 45.5 45.5 44.3 44.3
84.2 84.2 84.2 84.2 84.3 84.3 84.3 84.3 84.3 75.0 75.0 75.0 75.0 75.0 75.0 75.0 75.0 77.2 77.2 77.2 76.1 76.1 76.1 78.3 78.8 78.8 78.8 78.8 78.8 72.9 72.9 72.9 72.9 72.9 74.1 74.1 74.1 74.1 74.1 74.1 74.1 74.1 74.1 74.1 74.1 70.3 70.3 70.3 70.3 70.3 62.3 62.3 62.3 62.3 62.3 62.3 62.3 62.3 62.3 62.3 54.6 54.6 54.6 54.6 54.6 54.6 45.5 45.5 45.5 45.5 45.5 45.5 45.5 45.5 45.5 45.5 45.5 45.5 44.3
84.2 84.2 84.2 84.2 84.3 84.3 84.3 84.3 84.3 84.3 75.0 75.0 75.0 75.0 75.0 75.0 77.2 77.2 77.2 77.2 76.1 78.3 78.3 78.3 78.8 78.8 78.8 78.8 78.8 78.8 78.8 72.9 72.9 74.1 74.1 74.1 74.1 74.1 74.1 74.1 74.1 74.1 74.1 74.1 74.1 70.3 70.3 70.3 70.3 70.3 64.1 62.3 62.3 62.3 62.3 62.3 62.3 62.3 62.3 62.3 62.3 62.3 54.6 54.6 49.6 49.6 49.6 49.6 45.5 45.5 45.5 45.5 45.5 45.5 45.5 45.5 45.5 45.5 45.5
84.2 84.2 84.2 84.3 84.3 84.3 84.3 84.3 84.3 84.3 84.3 75.0 75.0 75.0 75.0 77.2 77.2 77.2 77.2 77.2 78.3 78.3 78.3 78.3 78.8 78.8 78.8 78.8 78.8 78.8 78.8 78.8 74.1 74.1 74.1 74.1 74.1 74.1 74.1 74.1 74.1 74.1 74.1 74.1 70.3 70.3 70.3 70.3 70.3 70.3 64.1 62.3 62.3 62.3 62.3 62.3 62.3 62.3 62.3 62.3 62.3 62.3 49.6 49.6 49.6 49.6 49.6 49.6 49.6 49.6 45.5 45.5 45.5 45.5 45.5 45.5 45.5 45.5 45.5
84.2 84.2 84.2 84.3 84.3 84.3 84.3 84.3 84.3 84.3 84.3 75.0 75.0 75.0 77.2 77.2 77.2 77.2 77.2 77.2 78.3 78.3 78.3 78.3 78.8 78.8 78.8 78.8 78.8 78.8 78.8 78.8 74.1 74.1 74.1 74.1 74.1 74.1 74.1 74.1 74.1 74.1 74.1 70.3 70.3 70.3 70.3 70.3 70.3 70.3 64.1 64.1 62.3 62.3 62.3 62.3 62.3 62.3 62.3 62.3 62.3 62.3 49.6 49.6 49.6 49.6 49.6 49.6 49.6 49.6 49.6 45.5 45.5 45.5 45.5 45.5 45.5 45.5 45.5
84.2 84.2 84.3 84.3 84.3 84.3 84.3 84.3 84.3 84.3 84.3 84.3 75.0 77.2 77.2 77.2 77.2 77.2 77.2 77.2 78.3 78.3 78.3 78.8 78.8 78.8 78.8 78.8 78.8 78.8 78.8 78.8 81.8 74.1 74.1 74.1 74.1 74.1 74.1 74.1 74.1 74.1 74.1 70.3 70.3 70.3 70.3 70.3 70.3 70.3 64.1 64.1 62.3 62.3 62.3 62.3 62.3 62.3 62.3 62.3 62.3 62.3 49.6 49.6 49.6 49.6 49.6 49.6 49.6 49.6 49.6 49.6 49.6 45.5 45.5 45.5 45.5 45.5 45.5
84.2 84.2 84.3 84.3 84.3 84.3 84.3 84.3 84.3 84.3 84.3 84.3 88.3 77.2 77.2 77.2 77.2 77.2 77.2 78.3 78.3 78.3 78.3 78.8 78.8 78.8 78.8 78.8 78.8 78.8 81.8 81.8 81.8 74.1 74.1 74.1 74.1 74.1 74.1 74.1 74.1 74.1 70.3 70.3 70.3 70.3 70.3 70.3 70.3 70.3 64.1 64.1 64.1 62.3 62.3 62.3 62.3 62.3 62.3 62.3 62.3 62.3 49.6 49.6 49.6 49.6 49.6 49.6 49.6 49.6 49.6 49.6 49.6 49.6 45.5 45.5 45.5 45.5 45.5
84.2 84.3 84.3 84.3 84.3 84.3 84.3 84.3 84.3 84.3 84.3 89.4 88.3 88.3 88.3 77.2 77.2 77.2 77.2 78.3 78.3 78.3 82.8 82.8 82.8 82.8 82.8 82.8 82.8 81.8 81.8 81.8 81.8 81.8 74.1 74.1 74.1 74.1 74.1 74.1 74.1 74.1 70.3 70.3 70.3 70.3 70.3 70.3 70.3 70.3 64.1 64.1 64.1 62.3 62.3 62.3 62.3 62.3 62.3 62.3 62.3 62.3 49.6 49.6 49.6 49.6 49.6 49.6 49.6 49.6 49.6 49.6 49.6 46.3 45.5 45.5 45.5 45.5 45.5
84.2 84.3 84.3 84.3 84.3 84.3 84.3 84.3 84.3 89.4 89.4 89.4 88.3 88.3 88.3 88.3 88.3 88.3 77.2 78.3 82.8 82.8 82.8 82.8 82.8 82.8 82.8 82.8 81.8 81.8 81.8 81.8 81.8 81.8 81.8 74.1 74.1 74.1 74.1 74.1 74.1 70.3 70.3 70.3 70.3 70.3 70.3 70.3 70.3 70.3 64.1 64.1 64.1 64.1 62.3 62.3 62.3 62.3 62.3 62.3 62.3 62.3 49.6 49.6 49.6 49.6 49.6 49.6 49.6 49.6 49.6 49.6 46.3 46.3 45.5 45.5 45.5 45.5 42.5
88.9 84.3 84.3 84.3 84.3 84.3 84.3 84.3 89.4 89.4 89.4 89.4 88.3 88.3 88.3 88.3 88.3 88.3 88.3 82.8 82.8 82.8 82.8 82.8 82.8 82.8 82.8 82.8 81.8 81.8 81.8 81.8 81.8 81.8 79.5 79.5 74.1 74.1 74.1 74.1 70.4 70.4 70.4 70.4 70.4 70.4 70.4 70.4 70.4 70.4 64.1 64.1 64.1 64.1 62.3 62.3 62.3 62.3 62.3 62.3 62.3 62.3 49.6 49.6 49.6 49.6 49.6 49.6 49.6 49.6 49.6 49.6 46.3 46.3 45.5 45.5 45.5 45.5 42.5
88.9 84.3 84.3 84.3 84.3 84.3 84.3 89.4 89.4 89.4 89.4 89.4 88.3 88.3 88.3 88.3 88.3 88.3 88.3 88.9 82.8 82.8 82.8 82.8 82.8 82.8 82.8 82.8 81.8 81.8 81.8 81.8 81.8 79.5 79.5 79.5 79.5 79.5 79.5 74.1 70.4 70.4 70.4 70.4 70.4 70.4 70.4 70.4 70.4 70.4 64.1 64.1 64.1 64.1 64.1 62.3 62.3 62.3 62.3 62.3 62.3 56.1 56.1 49.6 49.6 49.6 49.6 49.6 49.6 49.6 49.6 46.3 46.3 46.3 45.5 45.5 45.5 42.5 42.5
88.9 84.3 84.3 84.3 84.3 84.3 89.4 89.4 89.4 89.4 89.4 89.4 88.3 88.3 88.3 88.3 88.3 88.3 88.9 88.9 82.8 82.8 82.8 82.8 82.8 82.8 82.8 81.8 81.8 81.8 81.8 81.8 81.8 79.5 79.5 79.5 79.5 79.5 79.5 72.8 72.8 70.4 70.4 70.4 70.4 70.4 70.4 70.4 70.4 70.4 64.1 64.1 64.1 64.1 62.3 62.3 62.3 62.3 62.3 62.3 56.1 56.1 56.1 56.1 49.6 49.6 49.6 49.6 48.8 48.8 48.8 46.3 46.3 46.3 45.5 45.5 45.5 42.5 42.5
88.9 88.9 84.3 84.3 84.3 89.4 89.4 89.4 89.4 89.4 89.4 89.4 88.3 88.3 88.3 88.3 88.3 88.9 88.9 88.9 82.8 82.8 82.8 82.8 82.8 82.8 82.8 81.8 81.8 81.8 81.8 81.8 79.5 79.5 79.5 79.5 79.5 79.5 79.5 72.8 72.8 72.8 72.8 70.4 70.4 70.4 70.4 70.4 70.4 70.4 64.1 64.1 62.3 62.3 62.3 62.3 62.3 62.3 62.3 62.3 56.1 56.1 56.1 56.1 56.1 48.8 48.8 48.8 48.8 48.8 48.8 46.3 46.3 46.3 45.5 45.5 42.5 42.5 42.5
88.9 88.9 84.3 84.3 89.4 89.4 89.4 89.4 89.4 89.4 89.4 89.4 88.3 88.3 88.3 88.3 88.9 88.9 88.9 88.9 88.9 82.8 82.8 82.8 82.8 82.8 82.8 81.8 81.8 81.8 81.8 79.5 79.5 79.5 79.5 79.5 79.5 79.5 79.5 72.8 72.8 72.8 72.8 72.8 72.8 70.4 70.4 70.4 70.4 65.9 65.9 62.3 62.3 62.3 62.3 62.3 62.3 62.3 62.3 56.1 56.1 56.1 56.1 56.1 56.1 48.8 48.8 48.8 48.8 48.8 48.8 48.8 46.3 46.3 45.5 45.5 42.5 42.5 42.5
88.9 98.0 98.0 89.4 89.4 89.4 89.4 89.4 89.4 89.4 89.4 89.4 88.3 88.3 88.3 88.9 88.9 88.9 88.9 88.9 89.7 89.7 82.8 82.8 82.8 82.8 81.8 81.8 81.8 81.8 79.5 79.5 79.5 79.5 79.5 79.5 79.5 79.5 79.5 72.8 72.8 72.8 72.8 72.8 72.8 72.8 72.8 65.9 65.9 65.9 65.9 65.9 62.3 62.3 62.3 62.3 62.3 62.3 62.3 56.1 56.1 56.1 56.1 56.1 56.1 56.1 48.8 48.8 48.8 48.8 48.8 47.7 47.7 47.7 45.5 44.6 42.5 42.5 42.5
98.0 98.0 98.0 98.0 89.4 89.4 89.4 89.4 89.4 89.4 89.4 89.4 88.3 88.3 88.9 88.9 88.9 88.9 88.9 89.7 89.7 89.7 89.7 89.7 82.8 82.8 81.8 81.8 81.8 79.5 79.5 79.5 79.5 79.5 79.5 79.5 79.5 79.5 72.8 72.8 72.8 72.8 72.8 72.8 72.8 72.8 72.8 65.9 65.9 65.9 65.9 65.9 65.9 62.3 62.3 62.3 62.3 62.3 62.3 56.1 56.1 56.1 56.1 56.1 56.1 56.1 48.8 48.8 48.8 47.7 47.7 47.7 47.7 47.7 44.6 44.6 44.6 42.5 42.5
98.0 98.0 98.0 98.0 98.0 89.4 89.4 89.4 89.4 89.4 89.4 89.4 88.3 88.9 88.9 88.9 88.9 88.9 89.7 89.7 89.7 89.7 89.7 89.7 89.7 89.7 81.8 81.8 81.8 79.5 79.5 79.5 79.5 79.5 79.5 79.5 79.5 79.5 72.8 72.8 72.8 72.8 72.8 72.8 72.8 72.8 72.8 65.9 65.9 65.9 65.9 65.9 65.9 65.9 62.3 62.3 62.3 62.3 56.1 56.1 56.1 56.1 56.1 56.1 56.1 56.1 56.1 48.8 47.7 47.7 47.7 47.7 47.7 47.7 44.6 44.6 44.6 44.6 42.5
98.0 98.0 98.0 98.0 98.0 98.0 89.4 94.2 94.2 94.2 94.2 94.2 94.2 88.9 88.9 88.9 88.9 89.7 89.7 89.7 89.7 89.7 89.7 89.7 89.7 89.7 83.8 83.8 83.8 79.5 79.5 79.5 79.5 79.5 79.5 79.5 79.5 79.5 72.8 72.8 72.8 72.8 72.8 72.8 72.1 72.1 72.1 65.9 65.9 65.9 65.9 65.9 65.9 65.9 65.9 62.3 62.3 62.3 56.1 56.1 56.1 56.1 56.1 56.1 56.1 56.1 56.1 47.7 47.7 47.7 47.7 47.7 47.7 47.7 44.6 44.6 44.6 44.1 44.1
98.0 98.0 98.0 98.0 98.0 98.0 94.2 94.2 94.2 94.2 94.2 94.2 94.2 94.2 88.9 88.9 89.7 89.7 89.7 89.7 89.7 89.7 89.7 89.7 89.7 89.7 83.8 83.8 83.8 83.8 83.8 79.5 79.5 79.5 79.5 79.5 79.5 79.5 72.8 72.8 72.8 72.1 72.1 72.1 72.1 72.1 72.1 65.9 65.9 65.9 65.9 65.9 65.9 65.9 65.9 65.9 62.3 56.1 56.1 56.1 56.1 56.1 56.1 56.1 56.1 56.1 56.1 47.7 47.7 47.7 47.7 47.7 47.7 47.7 45.0 45.0 44.1 44.1 44.1
98.0 98.0 98.0 98.0 98.0 98.0 94.2 94.2 94.2 94.2 94.2 94.2 94.2 94.2 94.2 89.7 89.7 89.7 89.7 89.7 89.7 89.7 89.7 89.7 89.7 89.7 83.8 83.8 83.8 83.8 83.8 83.8 83.8 79.5 79.5 79.5 79.5 79.5 72.1 72.1 72.1 72.1 72.1 72.1 72.1 72.1 72.1 66.8 65.9 65.9 65.9 65.9 65.9 65.9 65.9 65.9 65.9 56.1 56.1 56.1 56.1 56.1 56.1 56.1 56.1 56.1 56.1 47.7 47.7 47.7 47.7 47.7 47.7 45.0 45.0 45.0 44.1 44.1 44.1
98.0 98.0 98.0 98.0 98.0 98.0 97.1 97.1 94.2 94.2 94.2 94.2 94.2 94.2 94.2 89.7 89.7 89.7 89.7 89.7 89.7 89.7 89.7 89.7 89.7 83.8 83.8 83.8 83.8 83.8 83.8 83.8 83.8 83.8 83.8 79.5 79.5 79.5 72.1 72.1 72.1 72.1 72.1 72.1 72.1 72.1 72.1 66.8 66.8 66.8 66.8 66.8 65.9 65.9 65.9 65.9 65.9 56.1 56.1 56.1 56.1 56.1 56.1 56.1 56.1 56.1 56.1 47.7 47.7 47.7 47.7 47.7 45.0 45.0 45.0 45.0 45.0 44.1 44.1
98.0 98.0 98.0 98.0 98.0 98.0 97.1 97.1 97.1 97.1 97.1 94.2 94.2 94.2 94.2 95.2 89.7 89.7 89.7 89.7 89.7 89.7 89.7 89.7 89.7 86.7 83.8 83.8 83.8 83.8 83.8 83.8 83.8 83.8 83.8 83.8 83.8 72.1 72.1 72.1 72.1 72.1 72.1 72.1 72.1 72.1 66.8 66.8 66.8 66.8 66.8 66.8 66.8 66.8 66.8 66.8 58.8 58.8 58.8 56.1 56.1 56.1 56.1 56.1 56.1 56.1 56.1 47.7 47.7 47.7 47.7 45.0 45.0 45.0 45.0 45.0 45.0 45.0 44.1
98.0 98.0 98.0 98.0 98.0 98.0 97.1 97.1 97.1 97.1 97.1 97.1 97.1 97.1 95.2 95.2 95.2 92.7 92.7 89.7 89.7 91.3 91.3 91.3 91.3 86.7 86.7 83.8 83.8 83.8 83.8 83.8 83.8 83.8 83.8 83.8 83.8 72.1 72.1 72.1 72.1 72.1 72.1 72.1 72.1 72.1 66.8 66.8 66.8 66.8 66.8 66.8 66.8 66.8 66.8 61.4 58.8 58.8 58.8 58.8 58.8 58.8 56.1 56.1 56.1 56.1 56.1 56.1 47.7 47.7 45.0 45.0 45.0 45.0 45.0 45.0 45.0 45.0 44.2
98.0 98.0 98.0 98.0 98.0 98.0 97.1 97.1 97.1 97.1 97.1 97.1 97.1 97.1 95.2 95.2 95.2 92.7 92.7 92.7 91.3 91.3 91.3 91.3 86.7 86.7 86.7 86.7 83.8 83.8 83.8 83.8 83.8 83.8 83.8 83.8 83.8 83.8 72.1 72.1 72.1 72.1 72.1 72.1 72.1 66.8 66.8 66.8 66.8 66.8 66.8 66.8 66.8 66.8 61.4 61.4 58.8 58.8 58.8 58.8 58.8 58.8 58.8 58.8 58.8 56.1 54.2 54.2 47.7 45.0 45.0 45.0 45.0 45.0 45.0 45.0 44.2 44.2 44.2
98.0 98.0 98.0 98.0 98.0 97.1 97.1 97.1 97.1 97.1 97.1 97.1 97.1 95.2 95.2 95.2 95.2 92.7 92.7 92.7 91.3 91.3 91.3 91.3 86.7 86.7 86.7 86.7 86.7 83.8 83.8 83.8 83.8 83.8 83.8 83.8 83.8 78.2 78.2 72.1 72.1 72.1 72.1 72.1 68.6 68.6 68.6 68.6 66.8 66.8 66.8 66.8 66.8 61.4 61.4 61.4 61.4 58.8 58.8 58.8 58.8 58.8 58.8 58.8 58.8 54.2 54.2 54.2 54.2 45.0 45.0 45.0 45.0 45.0 45.0 44.2 44.2 44.2 44.2
