code_hw01/nn.asc
NCOLS 184
NROWS 101
XLLCORNER 505011.47
YLLCORNER 5258286.13
CELLSIZE 100.0
NODATA_VALUE -9999
[rows 0 to 35 of 101, columns 0 to 81 of 184]
131.0 134.0 159.0 159.0 159.0 109.0 109.0 118.0 118.0 118.0 127.0 127.0 127.0 147.0 147.0 176.0 176.0 178.0 185.0 188.0 188.0 229.0 229.0 298.0 298.0 373.0 368.0 368.0 423.0 423.0 423.0 550.0 530.0 530.0 530.0 573.0 573.0 593.0 593.0 589.0 593.0 625.0 623.0 623.0 570.0 587.0 587.0 587.0 514.0 514.0 514.0 491.0 419.0 419.0 419.0 335.0 335.0 321.0 321.0 321.0 304.0 313.0 301.0 301.0 282.0 282.0 274.0 250.0 250.0 144.0 96.0 96.0 96.0 96.0 79.0 252.0 252.0 252.0 248.0 248.0 199.0 199.0
131.0 134.0 142.0 159.0 109.0 109.0 109.0 140.0 140.0 140.0 127.0 158.0 151.0 151.0 151.0 176.0 176.0 178.0 178.0 188.0 188.0 229.0 229.0 298.0 298.0 360.0 373.0 368.0 423.0 423.0 423.0 550.0 530.0 530.0 530.0 573.0 573.0 593.0 593.0 626.0 626.0 625.0 633.0 633.0 570.0 570.0 570.0 570.0 514.0 514.0 491.0 491.0 435.0 435.0 419.0 342.0 342.0 321.0 321.0 321.0 308.0 308.0 298.0 298.0 274.0 274.0 259.0 250.0 239.0 195.0 144.0 118.0 104.0 99.0 79.0 74.0 252.0 252.0 252.0 194.0 194.0 199.0
134.0 136.0 142.0 109.0 109.0 109.0 129.0 140.0 140.0 158.0 155.0 158.0 178.0 151.0 192.0 192.0 176.0 237.0 227.0 227.0 265.0 265.0 265.0 419.0 360.0 360.0 447.0 447.0 492.0 423.0 550.0 550.0 550.0 530.0 530.0 585.0 573.0 603.0 603.0 626.0 626.0 633.0 633.0 522.0 477.0 517.0 517.0 510.0 514.0 491.0 491.0 440.0 440.0 435.0 389.0 389.0 346.0 346.0 321.0 270.0 270.0 270.0 298.0 298.0 280.0 280.0 259.0 239.0 239.0 195.0 144.0 118.0 99.0 79.0 74.0 74.0 198.0 198.0 198.0 198.0 194.0 170.0
127.0 136.0 142.0 109.0 109.0 129.0 129.0 129.0 158.0 155.0 155.0 160.0 178.0 178.0 192.0 192.0 265.0 237.0 313.0 313.0 265.0 265.0 419.0 419.0 419.0 465.0 466.0 492.0 528.0 528.0 548.0 557.0 550.0 530.0 585.0 585.0 585.0 603.0 603.0 619.0 620.0 513.0 513.0 522.0 477.0 477.0 510.0 510.0 560.0 560.0 491.0 426.0 426.0 398.0 365.0 363.0 346.0 346.0 346.0 270.0 270.0 270.0 254.0 254.0 280.0 266.0 266.0 249.0 249.0 195.0 195.0 161.0 109.0 109.0 74.0 74.0 198.0 198.0 198.0 198.0 170.0 170.0
127.0 124.0 89.0 106.0 106.0 129.0 129.0 129.0 181.0 181.0 208.0 208.0 190.0 190.0 221.0 238.0 265.0 265.0 313.0 313.0 313.0 430.0 430.0 430.0 465.0 465.0 483.0 483.0 528.0 539.0 548.0 557.0 573.0 573.0 585.0 585.0 599.0 603.0 603.0 620.0 620.0 513.0 513.0 478.0 477.0 437.0 437.0 560.0 560.0 560.0 517.0 517.0 490.0 365.0 365.0 363.0 357.0 357.0 335.0 270.0 270.0 270.0 254.0 254.0 266.0 266.0 267.0 279.0 279.0 279.0 180.0 161.0 161.0 117.0 74.0 74.0 74.0 119.0 119.0 119.0 131.0 100.0
124.0 124.0 89.0 103.0 106.0 119.0 119.0 134.0 181.0 181.0 208.0 208.0 190.0 224.0 221.0 238.0 265.0 330.0 330.0 374.0 374.0 486.0 430.0 430.0 430.0 511.0 511.0 522.0 539.0 539.0 539.0 570.0 573.0 573.0 598.0 598.0 599.0 602.0 602.0 620.0 498.0 498.0 513.0 478.0 374.0 374.0 437.0 437.0 560.0 605.0 605.0 490.0 490.0 481.0 458.0 357.0 357.0 335.0 335.0 311.0 281.0 281.0 269.0 263.0 266.0 267.0 267.0 266.0 279.0 279.0 180.0 180.0 150.0 150.0 135.0 85.0 85.0 46.0 119.0 119.0 92.0 77.0
124.0 89.0 89.0 97.0 104.0 118.0 134.0 134.0 181.0 181.0 208.0 208.0 298.0 224.0 246.0 246.0 334.0 348.0 374.0 420.0 420.0 486.0 486.0 495.0 495.0 511.0 511.0 522.0 539.0 545.0 544.0 569.0 569.0 585.0 585.0 598.0 599.0 602.0 602.0 416.0 416.0 498.0 403.0 378.0 368.0 374.0 402.0 460.0 558.0 605.0 605.0 490.0 481.0 481.0 458.0 429.0 322.0 335.0 311.0 311.0 276.0 281.0 269.0 263.0 263.0 267.0 266.0 266.0 266.0 266.0 179.0 177.0 177.0 135.0 85.0 85.0 46.0 46.0 68.0 68.0 77.0 77.0
82.0 82.0 97.0 97.0 104.0 104.0 151.0 151.0 151.0 181.0 318.0 318.0 298.0 336.0 285.0 347.0 334.0 348.0 420.0 420.0 438.0 486.0 480.0 480.0 495.0 495.0 505.0 505.0 545.0 544.0 544.0 565.0 565.0 585.0 585.0 583.0 593.0 547.0 547.0 416.0 416.0 411.0 403.0 378.0 338.0 369.0 402.0 460.0 558.0 558.0 558.0 472.0 472.0 443.0 458.0 429.0 341.0 322.0 311.0 291.0 291.0 276.0 251.0 263.0 263.0 157.0 157.0 266.0 266.0 179.0 179.0 179.0 179.0 135.0 85.0 85.0 46.0 46.0 46.0 68.0 27.0 27.0
82.0 82.0 91.0 91.0 120.0 133.0 133.0 151.0 186.0 186.0 318.0 318.0 368.0 336.0 302.0 347.0 347.0 401.0 420.0 438.0 438.0 454.0 482.0 482.0 495.0 495.0 505.0 505.0 523.0 531.0 531.0 547.0 565.0 583.0 583.0 583.0 593.0 547.0 547.0 416.0 392.0 392.0 318.0 338.0 308.0 369.0 369.0 460.0 558.0 558.0 558.0 450.0 450.0 370.0 370.0 429.0 341.0 341.0 280.0 257.0 244.0 244.0 251.0 251.0 181.0 157.0 157.0 157.0 157.0 146.0 179.0 179.0 82.0 82.0 82.0 44.0 44.0 40.0 40.0 46.0 26.0 26.0
85.0 85.0 91.0 91.0 112.0 120.0 145.0 186.0 186.0 186.0 318.0 318.0 368.0 368.0 387.0 387.0 399.0 401.0 401.0 451.0 451.0 467.0 476.0 476.0 484.0 484.0 505.0 505.0 523.0 523.0 547.0 547.0 561.0 561.0 575.0 575.0 593.0 547.0 547.0 392.0 392.0 316.0 318.0 318.0 300.0 356.0 399.0 413.0 413.0 558.0 450.0 450.0 400.0 362.0 362.0 362.0 394.0 280.0 271.0 284.0 227.0 217.0 217.0 181.0 181.0 181.0 157.0 157.0 146.0 146.0 123.0 92.0 82.0 82.0 82.0 44.0 44.0 40.0 40.0 26.0 26.0 26.0
85.0 108.0 108.0 119.0 112.0 112.0 145.0 172.0 186.0 270.0 270.0 356.0 356.0 363.0 387.0 378.0 398.0 398.0 422.0 422.0 451.0 467.0 476.0 476.0 484.0 484.0 484.0 505.0 523.0 540.0 543.0 545.0 561.0 561.0 573.0 573.0 499.0 499.0 450.0 450.0 320.0 320.0 316.0 318.0 300.0 356.0 413.0 413.0 438.0 434.0 434.0 400.0 400.0 400.0 362.0 362.0 308.0 284.0 284.0 284.0 284.0 217.0 152.0 133.0 114.0 98.0 110.0 127.0 146.0 126.0 123.0 92.0 92.0 82.0 82.0 44.0 44.0 29.0 29.0 26.0 26.0 26.0
94.0 94.0 111.0 119.0 124.0 116.0 122.0 172.0 172.0 270.0 213.0 296.0 331.0 331.0 349.0 349.0 378.0 407.0 407.0 421.0 444.0 444.0 476.0 476.0 454.0 484.0 500.0 500.0 500.0 540.0 540.0 550.0 550.0 552.0 552.0 535.0 499.0 499.0 450.0 450.0 361.0 328.0 328.0 288.0 279.0 378.0 378.0 438.0 438.0 434.0 434.0 400.0 294.0 294.0 294.0 308.0 308.0 291.0 290.0 290.0 290.0 152.0 152.0 152.0 114.0 98.0 110.0 127.0 112.0 105.0 105.0 71.0 68.0 68.0 24.0 23.0 23.0 23.0 15.0 15.0 12.0 12.0
97.0 97.0 111.0 128.0 124.0 124.0 189.0 189.0 189.0 214.0 213.0 296.0 225.0 225.0 333.0 333.0 337.0 405.0 405.0 415.0 416.0 416.0 408.0 454.0 454.0 454.0 500.0 500.0 500.0 532.0 532.0 550.0 542.0 552.0 552.0 535.0 499.0 499.0 450.0 361.0 361.0 360.0 288.0 288.0 279.0 279.0 365.0 365.0 434.0 434.0 375.0 375.0 294.0 294.0 294.0 308.0 291.0 269.0 290.0 290.0 290.0 231.0 231.0 152.0 114.0 110.0 127.0 127.0 112.0 112.0 105.0 71.0 68.0 24.0 24.0 24.0 23.0 14.0 15.0 12.0 12.0 0.0
101.0 101.0 111.0 114.0 124.0 136.0 136.0 136.0 161.0 161.0 163.0 225.0 225.0 225.0 267.0 337.0 337.0 337.0 405.0 415.0 416.0 408.0 408.0 454.0 454.0 472.0 500.0 500.0 500.0 532.0 532.0 542.0 542.0 542.0 429.0 429.0 429.0 429.0 450.0 360.0 360.0 360.0 288.0 221.0 221.0 279.0 365.0 365.0 362.0 391.0 375.0 375.0 313.0 313.0 245.0 245.0 269.0 269.0 290.0 290.0 231.0 231.0 231.0 167.0 98.0 98.0 98.0 127.0 83.0 83.0 66.0 30.0 30.0 20.0 11.0 11.0 11.0 14.0 14.0 12.0 12.0 0.0
101.0 101.0 114.0 114.0 111.0 119.0 136.0 137.0 137.0 163.0 163.0 163.0 225.0 267.0 267.0 278.0 278.0 278.0 336.0 356.0 356.0 382.0 408.0 408.0 472.0 472.0 501.0 501.0 507.0 528.0 528.0 528.0 430.0 430.0 401.0 429.0 429.0 352.0 352.0 360.0 341.0 341.0 341.0 317.0 221.0 234.0 234.0 362.0 362.0 391.0 353.0 338.0 338.0 296.0 296.0 245.0 245.0 224.0 224.0 224.0 206.0 231.0 231.0 167.0 167.0 98.0 98.0 83.0 83.0 83.0 66.0 30.0 30.0 20.0 11.0 11.0 11.0 11.0 0.0 0.0 0.0 0.0
95.0 95.0 114.0 109.0 111.0 119.0 119.0 137.0 166.0 224.0 254.0 254.0 309.0 347.0 335.0 335.0 333.0 336.0 336.0 365.0 356.0 399.0 382.0 436.0 436.0 472.0 501.0 507.0 508.0 508.0 528.0 417.0 430.0 430.0 401.0 401.0 352.0 352.0 352.0 327.0 341.0 341.0 317.0 317.0 234.0 234.0 237.0 340.0 371.0 371.0 328.0 328.0 338.0 257.0 257.0 257.0 161.0 224.0 224.0 224.0 206.0 206.0 167.0 167.0 153.0 153.0 46.0 46.0 83.0 53.0 53.0 27.0 27.0 2.0 2.0 11.0 11.0 0.0 0.0 0.0 0.0 0.0
95.0 95.0 107.0 117.0 111.0 119.0 133.0 166.0 166.0 166.0 266.0 266.0 309.0 347.0 347.0 333.0 333.0 336.0 387.0 365.0 399.0 399.0 419.0 436.0 436.0 436.0 501.0 508.0 508.0 486.0 486.0 417.0 410.0 380.0 353.0 353.0 352.0 352.0 352.0 327.0 327.0 322.0 322.0 322.0 247.0 237.0 237.0 276.0 356.0 356.0 316.0 328.0 328.0 257.0 257.0 174.0 161.0 161.0 224.0 147.0 147.0 206.0 157.0 157.0 153.0 102.0 46.0 46.0 46.0 22.0 22.0 5.0 2.0 2.0 2.0 0.0 0.0 0.0 0.0 0.0 0.0 0.0
99.0 99.0 123.0 117.0 119.0 135.0 133.0 133.0 170.0 170.0 231.0 259.0 336.0 336.0 284.0 333.0 333.0 387.0 387.0 387.0 419.0 419.0 419.0 436.0 436.0 459.0 459.0 433.0 433.0 486.0 397.0 417.0 410.0 380.0 335.0 331.0 331.0 352.0 311.0 327.0 327.0 328.0 322.0 322.0 247.0 227.0 227.0 276.0 274.0 356.0 316.0 316.0 316.0 257.0 257.0 174.0 174.0 161.0 121.0 147.0 147.0 147.0 157.0 134.0 134.0 102.0 46.0 31.0 19.0 22.0 22.0 5.0 0.0 0.0 0.0 0.0 0.0 0.0 0.0 0.0 0.0 1.0
110.0 120.0 129.0 129.0 135.0 135.0 133.0 133.0 155.0 155.0 231.0 259.0 225.0 251.0 284.0 269.0 318.0 318.0 318.0 367.0 367.0 419.0 419.0 436.0 459.0 459.0 459.0 419.0 433.0 379.0 397.0 397.0 335.0 335.0 335.0 317.0 317.0 317.0 311.0 311.0 302.0 328.0 328.0 248.0 248.0 162.0 234.0 234.0 293.0 293.0 296.0 296.0 226.0 226.0 145.0 145.0 174.0 121.0 121.0 121.0 141.0 68.0 116.0 116.0 81.0 81.0 31.0 31.0 19.0 22.0 22.0 0.0 0.0 0.0 0.0 0.0 0.0 0.0 2.0 1.0 0.0 1.0
110.0 120.0 146.0 146.0 166.0 164.0 153.0 153.0 155.0 196.0 188.0 225.0 225.0 281.0 256.0 256.0 318.0 337.0 337.0 367.0 367.0 394.0 401.0 444.0 459.0 459.0 459.0 419.0 419.0 370.0 362.0 294.0 294.0 288.0 288.0 317.0 317.0 256.0 311.0 302.0 302.0 318.0 320.0 320.0 248.0 162.0 162.0 258.0 293.0 293.0 296.0 226.0 226.0 226.0 145.0 145.0 145.0 145.0 121.0 121.0 68.0 68.0 68.0 116.0 92.0 43.0 43.0 27.0 19.0 19.0 22.0 0.0 0.0 0.0 0.0 2.0 2.0 2.0 3.0 4.0 4.0 3.0
143.0 143.0 146.0 146.0 166.0 170.0 178.0 231.0 220.0 220.0 188.0 251.0 251.0 281.0 281.0 256.0 337.0 337.0 337.0 367.0 403.0 401.0 444.0 444.0 459.0 402.0 402.0 402.0 402.0 362.0 298.0 294.0 294.0 280.0 288.0 266.0 270.0 256.0 256.0 299.0 299.0 318.0 313.0 310.0 310.0 162.0 162.0 162.0 264.0 264.0 264.0 226.0 226.0 226.0 145.0 145.0 145.0 145.0 66.0 66.0 68.0 68.0 53.0 53.0 92.0 43.0 27.0 27.0 4.0 19.0 0.0 0.0 0.0 0.0 3.0 2.0 2.0 2.0 3.0 3.0 3.0 3.0
147.0 143.0 143.0 166.0 252.0 252.0 284.0 231.0 220.0 220.0 285.0 285.0 251.0 281.0 281.0 281.0 337.0 337.0 459.0 459.0 469.0 444.0 444.0 444.0 444.0 388.0 388.0 402.0 402.0 291.0 291.0 298.0 291.0 280.0 249.0 266.0 270.0 270.0 256.0 299.0 279.0 279.0 313.0 301.0 291.0 223.0 223.0 142.0 264.0 264.0 269.0 211.0 211.0 211.0 145.0 145.0 87.0 87.0 66.0 66.0 66.0 53.0 53.0 53.0 92.0 4.0 4.0 4.0 4.0 4.0 0.0 0.0 0.0 0.0 3.0 3.0 6.0 7.0 3.0 3.0 3.0 3.0
153.0 147.0 245.0 268.0 268.0 308.0 308.0 284.0 290.0 290.0 290.0 304.0 347.0 414.0 414.0 414.0 448.0 448.0 459.0 459.0 469.0 476.0 489.0 489.0 501.0 398.0 388.0 364.0 314.0 314.0 268.0 268.0 291.0 268.0 249.0 249.0 270.0 270.0 278.0 278.0 279.0 288.0 288.0 301.0 293.0 223.0 142.0 142.0 167.0 167.0 269.0 211.0 164.0 164.0 164.0 87.0 87.0 87.0 57.0 66.0 66.0 53.0 53.0 53.0 8.0 8.0 4.0 1.0 1.0 0.0 0.0 0.0 0.0 7.0 7.0 6.0 6.0 7.0 30.0 28.0 28.0 53.0
153.0 245.0 245.0 268.0 268.0 346.0 366.0 366.0 290.0 290.0 304.0 347.0 347.0 414.0 414.0 414.0 402.0 448.0 448.0 459.0 480.0 480.0 500.0 500.0 501.0 398.0 398.0 349.0 314.0 278.0 278.0 268.0 268.0 266.0 266.0 258.0 258.0 239.0 252.0 279.0 279.0 288.0 288.0 293.0 280.0 280.0 142.0 142.0 141.0 141.0 154.0 164.0 164.0 164.0 97.0 76.0 66.0 66.0 56.0 56.0 66.0 28.0 28.0 8.0 8.0 8.0 0.0 1.0 1.0 0.0 0.0 0.0 7.0 7.0 7.0 28.0 28.0 73.0 30.0 39.0 39.0 87.0
245.0 245.0 289.0 289.0 328.0 328.0 364.0 370.0 370.0 349.0 349.0 361.0 361.0 414.0 414.0 402.0 402.0 402.0 448.0 449.0 480.0 480.0 500.0 501.0 501.0 501.0 349.0 349.0 278.0 278.0 278.0 266.0 266.0 256.0 256.0 256.0 239.0 239.0 252.0 279.0 279.0 288.0 288.0 280.0 280.0 280.0 280.0 141.0 141.0 141.0 154.0 154.0 164.0 97.0 97.0 76.0 76.0 57.0 57.0 57.0 28.0 28.0 28.0 7.0 8.0 8.0 0.0 0.0 0.0 0.0 0.0 0.0 7.0 7.0 7.0 28.0 64.0 73.0 73.0 39.0 39.0 87.0
180.0 265.0 289.0 304.0 360.0 360.0 367.0 370.0 315.0 349.0 349.0 349.0 361.0 375.0 375.0 402.0 402.0 402.0 428.0 428.0 449.0 480.0 500.0 465.0 465.0 465.0 349.0 349.0 246.0 246.0 246.0 246.0 256.0 256.0 256.0 256.0 239.0 239.0 195.0 195.0 195.0 195.0 219.0 219.0 219.0 219.0 162.0 162.0 162.0 107.0 107.0 154.0 97.0 97.0 82.0 80.0 76.0 59.0 50.0 22.0 22.0 28.0 28.0 7.0 5.0 3.0 3.0 0.0 0.0 0.0 0.0 0.0 76.0 76.0 80.0 80.0 64.0 64.0 73.0 212.0 212.0 212.0
180.0 265.0 285.0 304.0 338.0 345.0 371.0 371.0 315.0 253.0 269.0 257.0 257.0 375.0 375.0 375.0 289.0 289.0 428.0 428.0 343.0 343.0 353.0 465.0 465.0 465.0 465.0 218.0 218.0 246.0 246.0 246.0 256.0 256.0 123.0 123.0 123.0 195.0 195.0 195.0 195.0 195.0 177.0 219.0 219.0 219.0 162.0 162.0 162.0 98.0 98.0 98.0 97.0 97.0 82.0 80.0 80.0 50.0 50.0 22.0 22.0 22.0 7.0 7.0 5.0 3.0 0.0 0.0 0.0 0.0 0.0 76.0 76.0 76.0 91.0 80.0 120.0 120.0 194.0 194.0 212.0 212.0
172.0 265.0 274.0 274.0 290.0 290.0 305.0 318.0 318.0 253.0 219.0 257.0 257.0 375.0 375.0 265.0 265.0 289.0 298.0 298.0 343.0 343.0 353.0 465.0 465.0 465.0 231.0 231.0 231.0 218.0 218.0 193.0 192.0 192.0 123.0 123.0 123.0 132.0 140.0 140.0 140.0 140.0 177.0 177.0 219.0 219.0 162.0 124.0 140.0 140.0 98.0 98.0 60.0 60.0 62.0 53.0 53.0 32.0 32.0 32.0 22.0 22.0 4.0 4.0 5.0 3.0 0.0 0.0 0.0 0.0 0.0 60.0 81.0 76.0 106.0 123.0 120.0 194.0 194.0 194.0 212.0 212.0
169.0 169.0 241.0 241.0 290.0 290.0 305.0 305.0 318.0 219.0 182.0 187.0 187.0 233.0 233.0 265.0 265.0 271.0 271.0 243.0 343.0 353.0 353.0 353.0 330.0 330.0 266.0 253.0 231.0 191.0 193.0 193.0 192.0 192.0 123.0 123.0 132.0 132.0 141.0 141.0 140.0 140.0 177.0 177.0 159.0 111.0 87.0 87.0 91.0 91.0 81.0 60.0 60.0 60.0 54.0 54.0 53.0 32.0 32.0 32.0 22.0 3.0 3.0 3.0 4.0 5.0 0.0 0.0 0.0 7.0 7.0 60.0 81.0 81.0 123.0 46.0 117.0 194.0 194.0 298.0 298.0 300.0
145.0 169.0 166.0 198.0 198.0 305.0 305.0 191.0 191.0 182.0 182.0 187.0 187.0 190.0 233.0 156.0 265.0 271.0 243.0 243.0 240.0 353.0 353.0 330.0 330.0 330.0 266.0 258.0 233.0 191.0 189.0 193.0 168.0 192.0 181.0 89.0 89.0 122.0 108.0 120.0 120.0 101.0 126.0 126.0 111.0 111.0 87.0 87.0 78.0 81.0 60.0 60.0 60.0 60.0 50.0 50.0 44.0 44.0 32.0 32.0 24.0 3.0 3.0 3.0 3.0 3.0 0.0 0.0 7.0 7.0 60.0 60.0 81.0 81.0 46.0 46.0 117.0 117.0 298.0 298.0 298.0 300.0
147.0 147.0 166.0 149.0 149.0 198.0 305.0 191.0 191.0 191.0 98.0 117.0 117.0 190.0 156.0 156.0 156.0 165.0 165.0 223.0 223.0 218.0 218.0 330.0 330.0 330.0 266.0 266.0 233.0 233.0 184.0 184.0 168.0 181.0 181.0 89.0 89.0 108.0 108.0 99.0 68.0 101.0 126.0 126.0 95.0 111.0 111.0 87.0 78.0 60.0 60.0 60.0 36.0 36.0 50.0 50.0 44.0 32.0 32.0 24.0 24.0 0.0 0.0 0.0 1.0 1.0 1.0 0.0 45.0 45.0 45.0 45.0 128.0 128.0 179.0 179.0 117.0 274.0 274.0 298.0 298.0 331.0
112.0 112.0 109.0 149.0 149.0 149.0 191.0 191.0 191.0 98.0 98.0 117.0 123.0 123.0 145.0 145.0 145.0 165.0 165.0 165.0 218.0 218.0 218.0 253.0 253.0 253.0 224.0 224.0 224.0 173.0 168.0 168.0 128.0 99.0 99.0 99.0 64.0 78.0 78.0 68.0 68.0 101.0 101.0 95.0 95.0 95.0 95.0 27.0 60.0 60.0 60.0 30.0 36.0 36.0 37.0 37.0 35.0 35.0 24.0 24.0 0.0 0.0 0.0 1.0 1.0 1.0 0.0 45.0 45.0 45.0 45.0 45.0 128.0 128.0 179.0 179.0 274.0 274.0 274.0 328.0 331.0 331.0
78.0 109.0 109.0 109.0 149.0 82.0 82.0 122.0 99.0 99.0 69.0 69.0 83.0 123.0 122.0 122.0 143.0 143.0 143.0 160.0 218.0 218.0 174.0 222.0 222.0 237.0 218.0 196.0 196.0 173.0 168.0 168.0 128.0 99.0 99.0 64.0 64.0 51.0 51.0 78.0 68.0 101.0 66.0 65.0 95.0 47.0 47.0 27.0 27.0 30.0 30.0 31.0 31.0 33.0 33.0 33.0 37.0 27.0 7.0 7.0 0.0 0.0 0.0 1.0 0.0 0.0 0.0 0.0 71.0 71.0 71.0 101.0 128.0 128.0 188.0 188.0 195.0 274.0 315.0 328.0 336.0 344.0
69.0 78.0 109.0 109.0 82.0 82.0 82.0 122.0 98.0 99.0 93.0 69.0 60.0 60.0 122.0 122.0 124.0 143.0 143.0 161.0 160.0 174.0 174.0 222.0 222.0 222.0 218.0 196.0 202.0 202.0 191.0 144.0 101.0 83.0 83.0 64.0 64.0 49.0 51.0 51.0 46.0 60.0 66.0 65.0 47.0 47.0 47.0 27.0 27.0 30.0 30.0 31.0 31.0 26.0 26.0 26.0 27.0 27.0 27.0 7.0 7.0 0.0 0.0 0.0 0.0 0.0 0.0 0.0 71.0 71.0 71.0 101.0 101.0 128.0 210.0 210.0 210.0 315.0 315.0 315.0 336.0 344.0
57.0 57.0 69.0 69.0 82.0 82.0 82.0 122.0 98.0 99.0 93.0 51.0 51.0 47.0 60.0 60.0 124.0 124.0 143.0 161.0 161.0 185.0 185.0 196.0 204.0 196.0 196.0 202.0 202.0 191.0 190.0 160.0 144.0 83.0 83.0 64.0 64.0 49.0 49.0 49.0 46.0 60.0 66.0 65.0 47.0 47.0 47.0 27.0 18.0 18.0 11.0 31.0 19.0 19.0 26.0 26.0 17.0 26.0 26.0 7.0 7.0 0.0 0.0 0.0 0.0 0.0 0.0 0.0 71.0 71.0 101.0 101.0 178.0 178.0 220.0 220.0 210.0 290.0 315.0 336.0 381.0 344.0
57.0 57.0 69.0 69.0 69.0 82.0 82.0 122.0 98.0 98.0 93.0 51.0 51.0 47.0 47.0 60.0 124.0 124.0 161.0 161.0 161.0 174.0 174.0 183.0 183.0 196.0 196.0 119.0 190.0 190.0 190.0 160.0 105.0 113.0 100.0 100.0 64.0 49.0 40.0 40.0 46.0 46.0 60.0 51.0 43.0 39.0 27.0 27.0 18.0 11.0 11.0 0.0 19.0 19.0 26.0 17.0 8.0 8.0 0.0 0.0 0.0 0.0 0.0 0.0 0.0 0.0 0.0 0.0 74.0 74.0 101.0 101.0 178.0 178.0 220.0 220.0 290.0 290.0 290.0 381.0 381.0 381.0
