code_hw01/nn.asc
NCOLS 184
NROWS 101
XLLCORNER 505011.47
YLLCORNER 5258286.13
CELLSIZE 100.0
NODATA_VALUE -9999
[rows 36 to 71 of 101, columns 82 to 163 of 184]
399.0 399.0 423.0 227.0 325.0 325.0 311.0 349.0 349.0 377.0 377.0 377.0 411.0 411.0 411.0 489.0 534.0 560.0 560.0 445.0 445.0 377.0 377.0 397.0 419.0 419.0 490.0 526.0 526.0 425.0 470.0 470.0 470.0 356.0 356.0 383.0 371.0 380.0 380.0 319.0 277.0 277.0 237.0 227.0 227.0 173.0 176.0 144.0 144.0 144.0 144.0 118.0 107.0 107.0 114.0 109.0 72.0 71.0 71.0 57.0 47.0 61.0 36.0 36.0 22.0 25.0 29.0 18.0 18.0 16.0 32.0 32.0 28.0 28.0 11.0 11.0 0.0 0.0 0.0 0.0 0.0 0.0
423.0 423.0 423.0 330.0 330.0 325.0 378.0 378.0 420.0 467.0 467.0 457.0 457.0 490.0 483.0 489.0 531.0 559.0 577.0 577.0 445.0 445.0 447.0 447.0 490.0 490.0 490.0 526.0 526.0 425.0 425.0 425.0 352.0 356.0 305.0 305.0 278.0 380.0 380.0 319.0 238.0 238.0 237.0 237.0 164.0 164.0 177.0 153.0 153.0 144.0 118.0 118.0 124.0 124.0 103.0 103.0 72.0 71.0 95.0 95.0 67.0 61.0 56.0 62.0 55.0 29.0 29.0 29.0 34.0 34.0 34.0 34.0 34.0 34.0 34.0 11.0 15.0 0.0 0.0 0.0 0.0 0.0
496.0 496.0 413.0 330.0 330.0 332.0 394.0 420.0 472.0 467.0 504.0 457.0 470.0 490.0 530.0 530.0 531.0 531.0 577.0 577.0 445.0 447.0 447.0 447.0 490.0 490.0 536.0 551.0 551.0 425.0 425.0 352.0 352.0 323.0 305.0 305.0 278.0 272.0 258.0 258.0 238.0 212.0 185.0 146.0 146.0 188.0 177.0 177.0 153.0 153.0 118.0 118.0 118.0 124.0 124.0 103.0 109.0 104.0 103.0 95.0 70.0 70.0 62.0 55.0 55.0 29.0 29.0 29.0 34.0 34.0 34.0 27.0 27.0 25.0 25.0 15.0 15.0 0.0 0.0 0.0 0.0 0.0
496.0 457.0 413.0 437.0 330.0 417.0 394.0 394.0 486.0 486.0 504.0 470.0 519.0 482.0 538.0 538.0 601.0 577.0 577.0 577.0 560.0 560.0 447.0 543.0 536.0 536.0 570.0 566.0 577.0 577.0 433.0 352.0 323.0 323.0 305.0 278.0 272.0 272.0 258.0 258.0 227.0 227.0 185.0 154.0 168.0 188.0 202.0 202.0 202.0 153.0 118.0 118.0 118.0 138.0 138.0 119.0 113.0 119.0 127.0 98.0 98.0 70.0 84.0 84.0 55.0 60.0 60.0 48.0 45.0 45.0 34.0 27.0 27.0 14.0 14.0 15.0 15.0 0.0 0.0 0.0 0.0 0.0
496.0 457.0 489.0 512.0 417.0 417.0 417.0 394.0 494.0 494.0 543.0 543.0 519.0 519.0 538.0 601.0 601.0 614.0 596.0 596.0 560.0 560.0 580.0 543.0 543.0 613.0 570.0 577.0 577.0 577.0 440.0 440.0 323.0 338.0 338.0 278.0 278.0 272.0 258.0 258.0 227.0 219.0 219.0 183.0 183.0 216.0 216.0 202.0 202.0 154.0 154.0 154.0 154.0 138.0 138.0 137.0 137.0 127.0 127.0 98.0 98.0 84.0 84.0 80.0 60.0 60.0 60.0 48.0 48.0 45.0 45.0 32.0 32.0 25.0 14.0 14.0 14.0 0.0 0.0 0.0 0.0 0.0
547.0 543.0 543.0 512.0 512.0 453.0 453.0 453.0 506.0 494.0 543.0 563.0 563.0 563.0 622.0 601.0 614.0 614.0 596.0 596.0 647.0 580.0 594.0 551.0 591.0 613.0 613.0 637.0 637.0 520.0 440.0 440.0 440.0 338.0 338.0 278.0 278.0 295.0 295.0 332.0 274.0 274.0 274.0 293.0 262.0 262.0 216.0 216.0 202.0 154.0 154.0 154.0 170.0 170.0 160.0 137.0 137.0 103.0 103.0 94.0 94.0 75.0 75.0 80.0 73.0 73.0 60.0 63.0 48.0 45.0 44.0 44.0 39.0 39.0 37.0 37.0 24.0 24.0 0.0 0.0 0.0 0.0
547.0 547.0 562.0 562.0 564.0 453.0 453.0 515.0 506.0 506.0 526.0 563.0 563.0 622.0 622.0 648.0 648.0 648.0 596.0 647.0 647.0 647.0 625.0 619.0 641.0 635.0 635.0 637.0 581.0 520.0 520.0 458.0 424.0 424.0 424.0 278.0 278.0 295.0 295.0 332.0 332.0 274.0 293.0 293.0 262.0 262.0 290.0 290.0 290.0 233.0 164.0 170.0 170.0 170.0 160.0 160.0 137.0 103.0 94.0 94.0 94.0 75.0 75.0 69.0 69.0 73.0 73.0 85.0 85.0 64.0 44.0 40.0 40.0 37.0 37.0 24.0 24.0 24.0 0.0 0.0 0.0 0.0
547.0 547.0 562.0 564.0 564.0 564.0 515.0 515.0 526.0 526.0 526.0 601.0 601.0 601.0 631.0 643.0 654.0 654.0 725.0 725.0 647.0 694.0 660.0 660.0 641.0 641.0 635.0 591.0 591.0 581.0 520.0 458.0 372.0 372.0 325.0 325.0 281.0 295.0 332.0 332.0 332.0 360.0 360.0 353.0 353.0 315.0 290.0 290.0 233.0 233.0 160.0 164.0 164.0 157.0 160.0 160.0 137.0 103.0 94.0 94.0 79.0 76.0 68.0 68.0 84.0 97.0 97.0 85.0 85.0 70.0 62.0 40.0 40.0 16.0 16.0 24.0 24.0 19.0 18.0 0.0 0.0 0.0
476.0 558.0 558.0 557.0 564.0 564.0 559.0 559.0 586.0 526.0 596.0 601.0 601.0 609.0 631.0 643.0 656.0 656.0 725.0 725.0 721.0 694.0 676.0 660.0 662.0 662.0 643.0 643.0 591.0 613.0 613.0 613.0 372.0 372.0 367.0 349.0 349.0 409.0 409.0 379.0 379.0 360.0 360.0 353.0 353.0 315.0 315.0 290.0 233.0 233.0 160.0 160.0 157.0 157.0 157.0 105.0 105.0 105.0 79.0 79.0 79.0 76.0 76.0 68.0 84.0 97.0 97.0 85.0 70.0 55.0 55.0 55.0 48.0 16.0 16.0 16.0 17.0 19.0 18.0 0.0 0.0 0.0
460.0 497.0 558.0 558.0 583.0 583.0 559.0 559.0 586.0 595.0 596.0 596.0 609.0 609.0 643.0 643.0 656.0 656.0 721.0 721.0 721.0 694.0 734.0 734.0 682.0 682.0 661.0 643.0 613.0 613.0 613.0 613.0 498.0 498.0 367.0 383.0 383.0 409.0 409.0 395.0 379.0 299.0 299.0 244.0 248.0 248.0 315.0 256.0 254.0 254.0 160.0 160.0 157.0 157.0 105.0 105.0 105.0 105.0 121.0 77.0 77.0 77.0 77.0 78.0 78.0 83.0 83.0 112.0 112.0 85.0 85.0 48.0 48.0 48.0 14.0 14.0 17.0 17.0 18.0 0.0 0.0 0.0
497.0 497.0 545.0 545.0 583.0 583.0 583.0 586.0 602.0 603.0 619.0 619.0 625.0 625.0 625.0 635.0 635.0 635.0 694.0 694.0 694.0 715.0 734.0 734.0 698.0 682.0 665.0 665.0 641.0 641.0 613.0 551.0 498.0 498.0 486.0 453.0 453.0 397.0 397.0 395.0 395.0 299.0 299.0 244.0 248.0 248.0 216.0 256.0 256.0 254.0 160.0 160.0 126.0 126.0 126.0 105.0 105.0 121.0 121.0 121.0 89.0 89.0 70.0 70.0 68.0 83.0 83.0 112.0 112.0 111.0 85.0 48.0 48.0 14.0 14.0 14.0 4.0 4.0 4.0 0.0 0.0 0.0
497.0 497.0 545.0 545.0 583.0 583.0 572.0 572.0 553.0 598.0 598.0 598.0 598.0 598.0 603.0 635.0 635.0 635.0 677.0 677.0 710.0 715.0 734.0 734.0 698.0 698.0 698.0 671.0 641.0 641.0 641.0 551.0 551.0 498.0 486.0 472.0 472.0 410.0 410.0 392.0 358.0 358.0 250.0 250.0 244.0 176.0 176.0 176.0 238.0 238.0 238.0 126.0 126.0 126.0 105.0 105.0 116.0 121.0 121.0 121.0 89.0 91.0 70.0 70.0 68.0 68.0 83.0 112.0 111.0 93.0 93.0 60.0 48.0 14.0 14.0 4.0 4.0 4.0 0.0 0.0 0.0 0.0
535.0 535.0 545.0 545.0 583.0 572.0 572.0 572.0 553.0 510.0 598.0 598.0 549.0 549.0 603.0 603.0 591.0 591.0 677.0 677.0 694.0 694.0 715.0 734.0 698.0 698.0 671.0 671.0 671.0 641.0 641.0 551.0 551.0 551.0 523.0 523.0 410.0 410.0 410.0 392.0 358.0 358.0 250.0 320.0 320.0 176.0 176.0 176.0 176.0 141.0 137.0 137.0 126.0 101.0 96.0 96.0 116.0 121.0 144.0 118.0 91.0 91.0 91.0 70.0 70.0 70.0 75.0 81.0 89.0 89.0 60.0 60.0 60.0 6.0 6.0 4.0 0.0 0.0 0.0 0.0 0.0 0.0
535.0 535.0 515.0 515.0 421.0 421.0 572.0 553.0 451.0 510.0 460.0 460.0 549.0 549.0 576.0 576.0 591.0 591.0 622.0 694.0 694.0 694.0 703.0 703.0 733.0 733.0 733.0 671.0 655.0 655.0 655.0 642.0 611.0 611.0 523.0 523.0 523.0 409.0 409.0 415.0 415.0 379.0 379.0 320.0 320.0 306.0 172.0 172.0 199.0 141.0 137.0 137.0 137.0 96.0 96.0 92.0 92.0 80.0 144.0 144.0 100.0 100.0 95.0 59.0 70.0 70.0 75.0 81.0 81.0 89.0 68.0 43.0 43.0 6.0 6.0 6.0 0.0 0.0 0.0 0.0 0.0 0.0
434.0 447.0 515.0 515.0 515.0 421.0 421.0 421.0 451.0 397.0 460.0 460.0 424.0 424.0 576.0 576.0 495.0 622.0 622.0 655.0 655.0 671.0 671.0 703.0 703.0 733.0 727.0 727.0 672.0 655.0 642.0 642.0 611.0 523.0 523.0 523.0 425.0 425.0 409.0 409.0 379.0 379.0 379.0 320.0 298.0 306.0 199.0 199.0 199.0 141.0 137.0 137.0 137.0 102.0 102.0 102.0 80.0 80.0 72.0 93.0 93.0 95.0 95.0 59.0 59.0 70.0 75.0 81.0 33.0 33.0 43.0 43.0 43.0 12.0 6.0 6.0 0.0 0.0 0.0 0.0 0.0 0.0
434.0 447.0 470.0 515.0 515.0 421.0 421.0 421.0 397.0 397.0 460.0 388.0 424.0 427.0 448.0 495.0 495.0 622.0 622.0 622.0 655.0 671.0 671.0 703.0 703.0 741.0 727.0 727.0 672.0 672.0 640.0 640.0 613.0 613.0 536.0 536.0 425.0 425.0 421.0 293.0 293.0 293.0 255.0 298.0 298.0 298.0 220.0 220.0 220.0 147.0 147.0 137.0 140.0 102.0 113.0 111.0 103.0 72.0 72.0 93.0 93.0 100.0 100.0 47.0 47.0 44.0 44.0 33.0 33.0 33.0 38.0 38.0 26.0 12.0 12.0 0.0 0.0 0.0 0.0 0.0 0.0 0.0
447.0 447.0 447.0 470.0 515.0 421.0 421.0 421.0 397.0 313.0 313.0 388.0 385.0 403.0 448.0 448.0 520.0 543.0 622.0 648.0 655.0 655.0 671.0 703.0 741.0 741.0 741.0 727.0 672.0 644.0 644.0 563.0 592.0 534.0 536.0 462.0 462.0 421.0 413.0 398.0 293.0 310.0 255.0 243.0 209.0 209.0 199.0 166.0 166.0 147.0 147.0 153.0 140.0 140.0 113.0 111.0 103.0 76.0 76.0 63.0 63.0 95.0 95.0 47.0 47.0 45.0 44.0 44.0 33.0 38.0 38.0 26.0 26.0 25.0 12.0 0.0 0.0 0.0 0.0 0.0 0.0 0.0
403.0 447.0 447.0 447.0 447.0 290.0 290.0 290.0 304.0 304.0 313.0 388.0 409.0 409.0 492.0 507.0 543.0 611.0 611.0 639.0 648.0 655.0 655.0 716.0 716.0 741.0 766.0 766.0 762.0 661.0 661.0 563.0 563.0 534.0 534.0 462.0 462.0 420.0 412.0 398.0 398.0 310.0 243.0 243.0 209.0 209.0 199.0 199.0 179.0 147.0 147.0 153.0 140.0 133.0 133.0 86.0 73.0 70.0 70.0 63.0 63.0 63.0 55.0 55.0 57.0 45.0 45.0 44.0 38.0 38.0 42.0 42.0 13.0 25.0 12.0 0.0 0.0 0.0 0.0 0.0 0.0 0.0
358.0 447.0 447.0 303.0 303.0 290.0 290.0 290.0 290.0 335.0 378.0 378.0 378.0 409.0 492.0 507.0 507.0 611.0 621.0 639.0 639.0 639.0 716.0 716.0 716.0 769.0 766.0 762.0 762.0 680.0 680.0 658.0 510.0 510.0 473.0 473.0 420.0 420.0 417.0 406.0 406.0 310.0 243.0 243.0 261.0 261.0 251.0 239.0 229.0 229.0 153.0 153.0 113.0 113.0 86.0 86.0 73.0 73.0 70.0 95.0 95.0 63.0 64.0 64.0 62.0 56.0 56.0 41.0 41.0 38.0 31.0 30.0 13.0 13.0 3.0 0.0 0.0 0.0 0.0 0.0 0.0 14.0
358.0 358.0 293.0 303.0 303.0 273.0 290.0 290.0 271.0 335.0 335.0 378.0 378.0 492.0 507.0 507.0 611.0 621.0 621.0 634.0 634.0 634.0 716.0 716.0 716.0 760.0 769.0 762.0 762.0 680.0 658.0 658.0 510.0 482.0 473.0 415.0 424.0 424.0 417.0 417.0 406.0 406.0 280.0 280.0 261.0 259.0 251.0 239.0 229.0 199.0 169.0 110.0 102.0 102.0 87.0 87.0 81.0 81.0 84.0 95.0 95.0 64.0 64.0 64.0 62.0 56.0 51.0 51.0 41.0 41.0 22.0 22.0 16.0 8.0 3.0 0.0 3.0 0.0 0.0 0.0 0.0 0.0
358.0 280.0 280.0 293.0 303.0 273.0 273.0 250.0 271.0 271.0 335.0 378.0 371.0 371.0 470.0 470.0 515.0 621.0 621.0 634.0 634.0 634.0 750.0 750.0 750.0 750.0 781.0 784.0 754.0 700.0 686.0 686.0 482.0 482.0 482.0 415.0 415.0 424.0 341.0 417.0 417.0 280.0 280.0 280.0 280.0 259.0 251.0 239.0 216.0 169.0 169.0 110.0 110.0 100.0 100.0 87.0 87.0 81.0 84.0 110.0 110.0 73.0 73.0 73.0 62.0 62.0 51.0 40.0 40.0 29.0 22.0 22.0 16.0 8.0 3.0 3.0 3.0 2.0 2.0 0.0 0.0 0.0
320.0 312.0 280.0 293.0 303.0 273.0 239.0 239.0 263.0 328.0 348.0 348.0 371.0 371.0 470.0 470.0 515.0 515.0 546.0 616.0 616.0 616.0 777.0 773.0 773.0 778.0 781.0 784.0 754.0 700.0 686.0 686.0 582.0 453.0 453.0 415.0 415.0 341.0 341.0 341.0 214.0 214.0 214.0 219.0 219.0 219.0 259.0 216.0 216.0 169.0 111.0 111.0 109.0 109.0 100.0 122.0 122.0 122.0 87.0 112.0 112.0 71.0 73.0 73.0 54.0 54.0 54.0 40.0 40.0 32.0 32.0 22.0 16.0 16.0 13.0 13.0 9.0 2.0 2.0 0.0 0.0 0.0
312.0 312.0 280.0 270.0 293.0 226.0 226.0 239.0 275.0 328.0 337.0 348.0 371.0 371.0 470.0 470.0 515.0 515.0 546.0 616.0 614.0 627.0 627.0 777.0 777.0 778.0 770.0 770.0 700.0 700.0 686.0 582.0 582.0 582.0 453.0 420.0 420.0 341.0 341.0 341.0 388.0 214.0 214.0 219.0 219.0 179.0 179.0 141.0 141.0 141.0 141.0 111.0 121.0 121.0 137.0 122.0 122.0 122.0 87.0 87.0 87.0 87.0 71.0 67.0 54.0 54.0 50.0 43.0 43.0 35.0 32.0 16.0 16.0 16.0 13.0 13.0 9.0 9.0 9.0 0.0 0.0 17.0
312.0 312.0 280.0 270.0 198.0 198.0 226.0 275.0 275.0 328.0 353.0 399.0 399.0 399.0 461.0 478.0 478.0 511.0 529.0 614.0 627.0 627.0 747.0 777.0 845.0 809.0 809.0 755.0 724.0 700.0 688.0 605.0 605.0 605.0 455.0 455.0 420.0 420.0 388.0 388.0 388.0 214.0 214.0 222.0 179.0 179.0 179.0 141.0 141.0 141.0 141.0 111.0 121.0 148.0 137.0 149.0 151.0 151.0 92.0 92.0 87.0 87.0 69.0 61.0 61.0 50.0 50.0 43.0 43.0 35.0 35.0 21.0 20.0 20.0 29.0 20.0 9.0 7.0 7.0 3.0 17.0 17.0
293.0 189.0 189.0 199.0 198.0 198.0 236.0 254.0 318.0 318.0 371.0 454.0 469.0 479.0 461.0 461.0 509.0 511.0 529.0 619.0 619.0 747.0 747.0 845.0 845.0 845.0 833.0 755.0 723.0 688.0 627.0 627.0 570.0 570.0 455.0 455.0 420.0 439.0 439.0 388.0 388.0 388.0 258.0 258.0 222.0 179.0 188.0 213.0 213.0 141.0 141.0 166.0 166.0 148.0 154.0 149.0 151.0 109.0 92.0 92.0 92.0 92.0 79.0 79.0 58.0 58.0 58.0 43.0 35.0 35.0 35.0 21.0 21.0 28.0 29.0 17.0 7.0 7.0 4.0 3.0 0.0 0.0
192.0 189.0 189.0 199.0 199.0 199.0 286.0 266.0 266.0 350.0 411.0 454.0 469.0 479.0 508.0 509.0 509.0 550.0 550.0 619.0 619.0 747.0 747.0 747.0 845.0 833.0 833.0 833.0 723.0 723.0 627.0 627.0 570.0 570.0 550.0 552.0 439.0 439.0 439.0 439.0 347.0 347.0 278.0 278.0 278.0 188.0 188.0 213.0 213.0 213.0 213.0 166.0 166.0 166.0 150.0 150.0 109.0 109.0 109.0 92.0 92.0 92.0 79.0 71.0 53.0 58.0 58.0 45.0 35.0 38.0 38.0 31.0 31.0 28.0 22.0 22.0 17.0 4.0 0.0 0.0 0.0 0.0
193.0 192.0 160.0 203.0 203.0 203.0 286.0 286.0 334.0 372.0 372.0 489.0 489.0 503.0 503.0 500.0 515.0 585.0 550.0 550.0 619.0 747.0 747.0 851.0 865.0 865.0 855.0 827.0 727.0 727.0 627.0 627.0 553.0 550.0 552.0 552.0 439.0 439.0 439.0 439.0 347.0 347.0 356.0 278.0 274.0 188.0 188.0 231.0 231.0 213.0 178.0 178.0 166.0 166.0 150.0 125.0 118.0 109.0 109.0 85.0 85.0 85.0 71.0 71.0 53.0 53.0 45.0 45.0 38.0 38.0 40.0 31.0 36.0 33.0 32.0 22.0 17.0 17.0 0.0 0.0 0.0 0.0
185.0 157.0 160.0 203.0 203.0 203.0 286.0 367.0 367.0 364.0 372.0 489.0 489.0 469.0 500.0 515.0 515.0 585.0 585.0 585.0 585.0 747.0 851.0 851.0 851.0 855.0 827.0 827.0 727.0 727.0 654.0 553.0 553.0 553.0 552.0 552.0 552.0 439.0 439.0 439.0 347.0 382.0 382.0 269.0 274.0 311.0 259.0 259.0 231.0 178.0 178.0 178.0 168.0 155.0 130.0 130.0 128.0 118.0 118.0 85.0 85.0 78.0 78.0 83.0 51.0 51.0 45.0 45.0 48.0 48.0 40.0 36.0 36.0 36.0 31.0 31.0 17.0 17.0 1.0 1.0 0.0 0.0
185.0 157.0 204.0 236.0 287.0 287.0 303.0 342.0 367.0 364.0 416.0 416.0 454.0 454.0 474.0 504.0 526.0 526.0 585.0 605.0 605.0 628.0 851.0 851.0 887.0 888.0 861.0 827.0 768.0 727.0 654.0 654.0 565.0 565.0 555.0 518.0 518.0 518.0 408.0 408.0 368.0 368.0 344.0 269.0 311.0 311.0 259.0 261.0 261.0 178.0 178.0 168.0 168.0 155.0 149.0 130.0 128.0 166.0 166.0 166.0 78.0 76.0 76.0 83.0 83.0 83.0 51.0 51.0 48.0 53.0 43.0 43.0 38.0 36.0 36.0 31.0 17.0 17.0 1.0 1.0 1.0 0.0
170.0 188.0 188.0 236.0 287.0 303.0 327.0 342.0 342.0 416.0 416.0 416.0 454.0 454.0 466.0 504.0 524.0 536.0 573.0 605.0 628.0 628.0 720.0 816.0 816.0 887.0 849.0 849.0 768.0 691.0 654.0 615.0 567.0 567.0 555.0 518.0 518.0 427.0 408.0 408.0 383.0 383.0 383.0 396.0 311.0 311.0 272.0 272.0 261.0 215.0 181.0 169.0 169.0 162.0 149.0 149.0 128.0 166.0 166.0 117.0 117.0 83.0 86.0 88.0 61.0 61.0 51.0 51.0 64.0 61.0 57.0 57.0 39.0 39.0 36.0 31.0 31.0 6.0 6.0 6.0 9.0 9.0
178.0 188.0 213.0 213.0 236.0 306.0 306.0 327.0 294.0 294.0 416.0 416.0 346.0 466.0 466.0 466.0 536.0 536.0 573.0 628.0 628.0 653.0 720.0 816.0 816.0 816.0 849.0 798.0 745.0 710.0 615.0 615.0 577.0 543.0 552.0 490.0 490.0 427.0 408.0 408.0 392.0 392.0 396.0 396.0 396.0 245.0 245.0 272.0 215.0 215.0 181.0 181.0 161.0 156.0 162.0 162.0 193.0 166.0 166.0 151.0 151.0 122.0 87.0 88.0 69.0 61.0 61.0 64.0 64.0 64.0 57.0 57.0 39.0 39.0 16.0 16.0 16.0 6.0 6.0 6.0 9.0 9.0
178.0 214.0 214.0 213.0 248.0 306.0 306.0 302.0 294.0 294.0 308.0 346.0 346.0 380.0 380.0 470.0 519.0 519.0 537.0 576.0 653.0 653.0 720.0 693.0 816.0 796.0 796.0 798.0 745.0 678.0 678.0 577.0 577.0 543.0 543.0 459.0 459.0 427.0 408.0 408.0 358.0 392.0 396.0 396.0 279.0 245.0 245.0 245.0 215.0 197.0 197.0 181.0 174.0 174.0 182.0 193.0 193.0 203.0 188.0 188.0 151.0 122.0 114.0 114.0 72.0 72.0 81.0 81.0 81.0 52.0 52.0 24.0 24.0 21.0 16.0 16.0 16.0 17.0 20.0 16.0 15.0 15.0
219.0 210.0 210.0 250.0 248.0 269.0 269.0 302.0 283.0 308.0 308.0 346.0 346.0 380.0 409.0 446.0 446.0 537.0 537.0 576.0 590.0 693.0 693.0 693.0 683.0 796.0 796.0 796.0 781.0 678.0 685.0 615.0 615.0 545.0 545.0 440.0 440.0 440.0 358.0 358.0 358.0 358.0 314.0 314.0 279.0 279.0 301.0 245.0 245.0 197.0 197.0 178.0 178.0 177.0 182.0 182.0 193.0 203.0 203.0 193.0 191.0 172.0 172.0 114.0 87.0 87.0 87.0 81.0 81.0 52.0 52.0 24.0 24.0 21.0 21.0 18.0 17.0 20.0 20.0 16.0 15.0 15.0
219.0 210.0 229.0 223.0 248.0 269.0 254.0 254.0 283.0 308.0 308.0 318.0 318.0 380.0 409.0 446.0 446.0 537.0 537.0 590.0 590.0 604.0 604.0 683.0 683.0 796.0 796.0 796.0 722.0 685.0 685.0 615.0 615.0 545.0 545.0 545.0 440.0 430.0 358.0 358.0 358.0 358.0 314.0 314.0 279.0 279.0 339.0 301.0 301.0 197.0 200.0 200.0 177.0 177.0 172.0 119.0 119.0 203.0 193.0 193.0 196.0 172.0 172.0 103.0 87.0 87.0 79.0 79.0 46.0 51.0 51.0 24.0 28.0 21.0 21.0 18.0 19.0 20.0 19.0 19.0 16.0 12.0
160.0 160.0 173.0 173.0 214.0 214.0 254.0 246.0 286.0 286.0 318.0 318.0 318.0 380.0 409.0 446.0 446.0 513.0 513.0 559.0 559.0 604.0 654.0 654.0 683.0 683.0 711.0 711.0 722.0 722.0 686.0 636.0 636.0 598.0 545.0 529.0 430.0 430.0 430.0 358.0 358.0 417.0 417.0 417.0 417.0 340.0 340.0 340.0 339.0 200.0 200.0 200.0 177.0 172.0 172.0 119.0 114.0 114.0 193.0 193.0 196.0 172.0 103.0 103.0 80.0 75.0 79.0 79.0 46.0 46.0 27.0 28.0 28.0 28.0 21.0 19.0 19.0 6.0 6.0 19.0 16.0 12.0
135.0 160.0 161.0 173.0 214.0 214.0 246.0 246.0 286.0 286.0 286.0 318.0 318.0 297.0 297.0 420.0 513.0 513.0 513.0 559.0 559.0 598.0 598.0 641.0 641.0 711.0 711.0 711.0 722.0 722.0 686.0 686.0 598.0 598.0 529.0 529.0 478.0 430.0 473.0 473.0 473.0 417.0 417.0 417.0 417.0 340.0 340.0 340.0 318.0 318.0 318.0 259.0 259.0 259.0 172.0 114.0 114.0 114.0 87.0 87.0 87.0 85.0 85.0 103.0 80.0 47.0 47.0 47.0 46.0 27.0 27.0 28.0 28.0 34.0 35.0 19.0 19.0 6.0 6.0 6.0 0.0 0.0
