code_hw01/nn.asc
NCOLS 250
NROWS 250
XLLCORNER 2.0
YLLCORNER 3.0
CELLSIZE 1
NODATA_VALUE -9999
[rows 105 to 139 of 250, columns 0 to 78 of 250]
110.0 110.0 110.0 110.0 110.0 110.0 111.7 111.7 111.7 111.7 111.7 111.7 111.7 116.2 116.2 116.2 116.9 116.9 116.9 116.9 116.9 116.9 119.8 119.8 119.8 119.8 119.8 119.8 120.0 120.0 120.0 120.0 120.0 120.0 120.0 120.0 120.0 120.0 120.0 120.0 120.0 120.1 120.1 120.1 120.1 120.1 124.3 124.3 124.3 124.3 124.3 124.3 124.3 125.1 125.1 126.6 126.6 126.6 128.6 128.6 128.6 128.6 129.0 129.0 129.0 129.0 129.0 131.1 131.1 131.1 131.1 134.0 137.8 137.8 137.8 137.8 137.8 137.8 137.8
110.0 110.0 110.0 110.0 111.7 111.7 111.7 111.7 111.7 111.7 111.7 111.7 111.7 116.2 116.2 116.2 116.2 116.9 116.9 116.9 116.9 116.9 119.8 119.8 119.8 119.8 119.8 119.8 120.0 120.0 120.0 120.0 120.0 120.0 120.0 120.0 120.0 120.0 120.0 120.0 120.0 120.0 120.1 120.1 120.1 120.1 124.3 124.3 124.3 124.3 124.3 124.3 124.3 125.1 126.6 126.6 126.6 126.6 126.6 128.9 128.9 128.9 129.0 129.0 129.0 131.1 131.1 131.1 131.1 131.1 131.1 137.8 137.8 137.8 137.8 137.8 137.8 137.8 137.8
110.0 110.0 110.0 111.7 111.7 111.7 111.7 111.7 111.7 111.7 111.7 111.7 111.7 116.2 116.2 116.2 116.2 116.2 116.9 116.9 116.9 116.9 119.8 119.8 119.8 119.8 119.8 120.0 120.0 120.0 120.0 120.0 120.0 120.0 120.0 120.0 120.0 120.0 120.0 120.0 120.0 120.0 120.1 120.1 120.1 124.3 124.3 124.3 124.3 124.3 124.3 124.3 124.3 126.6 126.6 126.6 126.6 126.6 128.9 128.9 128.9 128.9 128.9 128.9 131.1 131.1 131.1 131.1 131.1 131.1 131.1 137.8 137.8 137.8 137.8 137.8 137.8 137.8 137.8
110.0 110.0 110.0 111.7 111.7 111.7 111.7 111.7 111.7 111.7 111.7 111.7 116.2 116.2 116.2 116.2 116.2 116.2 116.2 116.9 116.9 116.9 119.8 119.8 119.8 119.8 120.0 120.0 120.0 120.0 120.0 120.0 120.0 120.0 120.0 120.0 120.0 120.0 120.0 120.0 120.0 120.0 120.0 120.1 120.1 124.3 124.3 124.3 124.3 124.3 124.3 124.3 124.3 126.6 126.6 126.6 126.6 126.6 128.9 128.9 128.9 128.9 128.9 131.1 131.1 131.1 131.1 131.1 131.1 131.1 131.1 137.8 137.8 137.8 137.8 137.8 137.8 137.8 137.8
110.0 110.0 110.0 110.0 111.7 111.7 111.7 111.7 111.7 111.7 113.2 113.2 113.2 116.2 116.2 116.2 116.2 116.2 116.2 116.2 116.9 116.9 119.8 119.8 119.8 119.8 120.0 120.0 120.0 120.0 120.0 120.0 120.0 120.0 120.0 120.0 120.0 120.0 120.0 120.0 120.0 120.0 120.0 120.1 120.1 124.3 124.3 124.3 124.3 124.3 124.3 124.3 126.6 126.6 126.6 126.6 126.6 126.6 128.9 128.9 129.5 129.5 129.5 131.1 131.1 131.1 131.1 131.1 131.1 131.1 131.1 137.8 137.8 137.8 137.8 137.8 137.8 137.8 137.8
110.0 110.0 110.0 110.0 110.0 111.7 111.7 113.2 113.2 113.2 113.2 113.2 113.2 116.2 116.2 116.2 116.2 116.2 116.2 116.2 116.2 116.9 119.8 119.8 119.8 120.0 120.0 120.0 120.0 120.0 120.0 120.0 120.0 120.0 120.0 120.0 120.0 120.0 120.0 120.0 120.0 120.0 120.0 120.0 124.3 124.3 124.3 124.3 124.3 124.3 124.3 124.3 127.0 127.0 127.0 127.0 127.0 127.0 129.5 129.5 129.5 129.5 129.5 131.1 131.1 131.1 131.1 131.1 131.1 131.1 131.1 137.8 137.8 137.8 137.8 137.8 137.8 137.8 137.8
110.0 110.0 110.0 110.0 110.0 113.2 113.2 113.2 113.2 113.2 113.2 113.2 113.2 113.2 116.2 116.2 116.2 116.2 116.2 116.2 116.2 116.2 119.8 119.8 120.0 120.0 120.0 120.0 120.0 120.0 120.0 120.0 120.0 120.0 120.0 120.0 120.0 120.0 120.0 120.0 120.0 120.7 120.7 120.7 120.7 120.7 124.3 124.3 124.3 124.3 127.0 127.0 127.0 127.0 127.0 127.0 127.0 127.0 129.1 129.1 129.5 129.5 129.5 131.1 131.1 131.1 131.1 131.1 131.1 131.1 131.1 137.8 137.8 137.8 137.8 137.8 137.8 137.8 137.8
110.0 110.0 110.0 110.0 110.0 113.2 113.2 113.2 113.2 113.2 113.2 113.2 113.2 113.2 116.2 116.2 116.2 116.2 116.2 116.2 117.1 117.1 117.1 117.1 120.0 120.0 120.0 120.0 120.0 120.0 120.0 120.0 120.0 120.0 120.0 120.0 120.0 120.0 120.7 120.7 120.7 120.7 120.7 120.7 120.7 120.7 120.7 120.7 127.0 127.0 127.0 127.0 127.0 127.0 127.0 127.0 127.0 127.0 129.1 129.1 129.1 129.1 129.5 131.1 131.1 131.1 131.1 131.1 131.1 131.1 131.1 137.8 137.8 137.8 137.8 137.8 137.8 137.8 137.8
110.0 110.0 110.0 110.0 111.7 111.7 113.2 113.2 113.2 113.2 113.2 113.2 113.2 113.2 113.2 116.2 116.2 116.2 117.1 117.1 117.1 117.1 117.1 117.1 117.1 120.0 120.0 120.0 120.0 120.0 120.0 120.0 120.0 120.0 120.0 120.0 120.7 120.7 120.7 120.7 120.7 120.7 120.7 120.7 120.7 120.7 120.7 120.7 127.0 127.0 127.0 127.0 127.0 127.0 127.0 127.0 127.0 127.0 129.1 129.1 129.1 129.1 129.1 129.1 131.1 131.1 131.1 131.1 131.1 131.1 131.1 137.8 137.8 137.8 137.8 137.8 137.8 137.8 137.8
110.0 110.0 110.0 111.7 111.7 111.7 111.7 113.2 113.2 113.2 113.2 113.2 113.2 113.2 113.2 113.2 117.1 117.1 117.1 117.1 117.1 117.1 117.1 117.1 117.1 117.1 120.0 120.0 120.0 120.0 120.0 120.0 120.0 120.0 120.0 120.0 120.0 120.7 120.7 120.7 120.7 120.7 120.7 120.7 120.7 120.7 120.7 120.7 120.7 127.0 127.0 127.0 127.0 127.0 127.0 127.0 127.0 127.0 129.1 129.1 129.1 129.1 129.1 129.1 131.1 131.1 131.1 131.1 131.1 131.1 131.1 138.7 138.7 137.8 137.8 137.8 137.8 137.8 140.8
110.0 110.0 111.7 111.7 111.7 111.7 111.7 111.7 113.2 113.2 113.2 113.2 113.2 113.2 113.2 117.1 117.1 117.1 117.1 117.1 117.1 117.1 117.1 117.1 117.1 117.1 117.1 120.0 120.0 120.0 120.0 120.0 120.0 120.0 120.0 120.0 120.0 120.0 120.7 120.7 120.7 120.7 120.7 120.7 120.7 120.7 120.7 120.7 120.7 127.0 127.0 127.0 127.0 127.0 127.0 127.0 127.0 127.0 129.1 129.1 129.1 129.1 129.1 129.1 129.1 131.1 131.1 131.1 131.1 131.1 138.7 138.7 138.7 138.7 138.7 138.7 138.7 138.7 140.8
110.0 111.7 111.7 111.7 111.7 111.7 111.7 111.7 113.2 113.2 113.2 113.2 113.2 113.2 113.2 117.1 117.1 117.1 117.1 117.1 117.1 117.1 117.1 117.1 117.1 117.1 117.1 117.1 120.0 120.0 118.6 118.6 118.6 118.6 120.0 120.0 120.0 120.0 120.0 120.7 120.7 120.7 120.7 120.7 120.7 120.7 120.7 120.7 120.7 127.0 127.0 127.0 127.0 127.0 127.0 127.0 127.0 127.0 129.1 129.1 129.1 129.1 129.1 129.1 129.1 129.1 131.1 131.1 131.1 138.7 138.7 138.7 138.7 138.7 138.7 138.7 138.7 138.7 140.8
111.7 111.7 111.7 111.7 111.7 111.7 111.7 111.7 113.2 113.2 113.2 113.2 113.2 113.2 113.2 117.1 117.1 117.1 117.1 117.1 117.1 117.1 117.1 117.1 117.1 117.1 117.1 117.1 118.6 118.6 118.6 118.6 118.6 118.6 118.6 120.0 120.0 120.0 120.0 120.0 120.7 120.7 120.7 120.7 120.7 120.7 120.7 120.7 120.7 120.7 127.0 127.0 127.0 127.0 127.0 127.0 127.0 127.0 129.1 129.1 129.1 129.1 129.1 129.1 129.1 129.1 129.1 131.1 138.7 138.7 138.7 138.7 138.7 138.7 138.7 138.7 138.7 138.7 138.7
110.0 111.7 111.7 111.7 111.7 111.7 111.7 111.7 113.2 113.2 113.2 113.2 113.2 113.2 113.2 117.1 117.1 117.1 117.1 117.1 117.1 117.1 117.1 117.1 117.1 117.1 117.1 117.1 118.6 118.6 118.6 118.6 118.6 118.6 118.6 120.0 120.0 120.0 120.0 120.0 120.0 120.7 120.7 120.7 120.7 120.7 120.7 120.7 120.7 120.7 127.0 127.0 127.0 127.0 127.0 127.0 127.0 127.0 131.0 129.1 129.1 129.1 129.1 129.1 129.1 129.1 129.1 138.7 138.7 138.7 138.7 138.7 138.7 138.7 138.7 138.7 138.7 138.7 138.7
110.0 110.0 111.7 111.7 111.7 111.7 111.7 113.2 113.2 113.2 113.2 113.2 113.2 113.2 113.2 115.0 115.0 117.1 117.1 117.1 117.1 117.1 117.1 117.1 117.1 117.1 117.1 118.6 118.6 118.6 118.6 118.6 118.6 118.6 118.6 120.0 120.0 120.0 120.0 120.0 120.0 120.0 120.7 120.7 120.7 120.7 120.7 120.7 120.7 120.7 128.8 128.8 127.0 127.0 127.0 131.0 131.0 131.0 131.0 131.0 131.0 131.0 131.0 131.6 131.6 131.6 131.6 138.7 138.7 138.7 138.7 138.7 138.7 138.7 138.7 138.7 138.7 138.7 138.7
110.0 110.0 110.0 111.7 111.7 111.7 111.7 113.2 113.2 113.2 113.2 113.2 113.2 113.2 113.2 115.0 115.0 115.0 115.0 115.0 117.1 117.1 117.1 117.1 117.1 117.1 117.1 118.6 118.6 118.6 118.6 118.6 118.6 118.6 118.6 118.6 120.0 120.0 120.0 120.0 120.0 120.0 120.0 120.7 120.7 120.7 120.7 120.7 120.7 120.7 128.8 128.8 128.8 128.8 131.0 131.0 131.0 131.0 131.0 131.0 131.0 131.0 131.6 131.6 131.6 131.6 132.8 138.7 138.7 138.7 138.7 138.7 138.7 138.7 138.7 138.7 138.7 138.7 138.7
110.0 110.0 110.0 110.0 111.7 111.7 111.7 113.2 113.2 113.2 113.2 113.2 113.2 113.2 115.0 115.0 115.0 115.0 115.0 115.0 115.0 115.0 115.0 115.0 117.1 117.1 118.6 118.6 118.6 118.6 118.6 118.6 118.6 118.6 118.6 118.6 120.0 120.0 120.0 120.0 120.0 120.0 120.0 120.0 120.7 120.7 120.7 120.7 120.7 127.7 128.8 128.8 128.8 128.8 128.8 131.0 131.0 131.0 131.0 131.0 131.0 131.6 131.6 131.6 131.6 132.8 132.8 132.8 139.1 139.1 139.1 139.1 139.1 139.1 139.1 139.1 139.1 139.1 139.1
110.0 110.0 110.0 110.0 111.0 111.0 113.2 113.2 113.2 113.2 113.2 113.2 113.0 113.0 115.0 115.0 115.0 115.0 115.0 115.0 115.0 115.0 115.0 115.0 115.0 114.8 118.6 118.6 118.6 118.6 118.6 118.6 118.6 118.6 118.6 118.6 120.0 120.0 120.0 120.0 120.0 120.0 120.0 120.0 122.4 122.4 122.4 122.4 127.7 127.7 127.7 128.8 128.8 128.8 128.8 131.0 131.0 131.0 131.0 131.0 131.6 131.6 131.6 131.6 132.8 132.8 132.8 132.8 139.1 139.1 139.1 139.1 139.1 139.1 139.1 139.1 139.1 139.1 139.1
110.0 110.0 110.0 111.0 111.0 111.0 112.4 112.4 112.4 112.4 113.0 113.0 113.0 113.0 113.0 115.0 115.0 115.0 115.0 115.0 115.0 115.0 115.0 114.8 114.8 114.8 118.6 118.6 118.6 118.6 118.6 118.6 118.6 118.6 118.6 118.6 119.8 119.8 120.0 120.0 120.0 120.0 120.0 122.4 122.4 122.4 122.4 122.4 127.7 127.7 127.7 128.8 128.8 128.8 128.8 128.8 131.0 131.0 131.0 131.6 131.6 131.6 131.6 132.8 132.8 132.8 132.8 132.8 139.1 139.1 139.1 139.1 139.1 139.1 139.1 139.1 139.1 139.1 139.1
110.0 110.0 111.0 111.0 111.0 112.4 112.4 112.4 112.4 112.4 113.0 113.0 113.0 113.0 113.0 115.0 115.0 115.0 115.0 115.0 115.0 115.0 114.8 114.8 114.8 114.8 118.6 118.6 118.6 118.6 118.6 118.6 118.6 118.6 118.6 118.6 119.8 119.8 119.8 119.8 120.0 122.4 122.4 122.4 122.4 122.4 122.4 122.4 127.7 127.7 127.7 127.7 128.8 128.8 128.8 128.8 131.0 131.0 131.6 131.6 131.6 131.6 132.8 132.8 132.8 132.8 132.8 132.8 136.9 136.9 139.1 139.1 139.1 139.1 139.1 139.1 139.1 139.1 139.1
111.0 111.0 111.0 111.0 111.0 112.4 112.4 112.4 112.4 112.4 113.0 113.0 113.0 113.0 113.0 113.0 115.0 115.0 115.0 115.0 114.8 114.8 114.8 114.8 114.8 114.8 114.8 118.6 118.6 118.6 118.6 118.6 118.6 118.6 118.6 119.8 119.8 119.8 119.8 119.8 119.8 122.4 122.4 122.4 122.4 122.4 122.4 122.4 127.7 127.7 127.7 127.7 128.8 128.8 128.8 128.8 129.6 129.6 131.6 131.6 132.8 132.8 132.8 132.8 132.8 132.8 132.8 136.9 136.9 136.9 136.9 139.1 139.1 139.1 139.1 139.1 139.1 139.1 139.1
111.0 111.0 111.0 111.0 111.0 112.4 112.4 112.4 112.4 112.4 113.0 113.0 113.0 113.0 113.0 113.0 115.0 115.0 114.8 114.8 114.8 114.8 114.8 114.8 114.8 114.8 114.8 118.6 118.6 118.6 118.6 118.6 118.6 118.6 119.8 119.8 119.8 119.8 119.8 119.8 119.8 122.4 122.4 122.4 122.4 122.4 122.4 122.4 127.7 127.7 127.7 127.7 127.7 128.8 128.8 129.6 129.6 129.6 131.6 132.8 132.8 132.8 132.8 132.8 132.8 132.8 132.8 136.9 136.9 136.9 136.9 136.9 136.9 139.1 139.1 139.1 139.1 139.1 142.4
111.0 111.0 111.0 111.0 111.0 112.4 112.4 112.4 112.4 112.4 113.0 113.0 113.0 113.0 113.0 113.0 115.0 114.8 114.8 114.8 114.8 114.8 114.8 114.8 114.8 114.8 114.8 118.6 118.6 118.6 118.6 118.6 118.6 118.6 119.8 119.8 119.8 119.8 119.8 119.8 119.8 122.4 122.4 122.4 122.4 122.4 122.4 125.7 125.7 127.7 127.7 127.7 127.7 128.8 129.6 129.6 129.6 129.6 129.6 132.8 132.8 132.8 132.8 132.8 132.8 132.8 136.9 136.9 136.9 136.9 136.9 136.9 136.9 136.9 139.1 139.1 139.1 139.1 142.4
111.0 111.0 111.0 111.0 112.4 112.4 112.4 112.4 112.4 112.4 113.0 113.0 113.0 113.0 113.0 113.0 114.8 114.8 114.8 114.8 114.8 114.8 114.8 114.8 114.8 114.8 114.8 118.6 118.6 118.6 118.6 118.6 118.6 119.8 119.8 119.8 119.8 119.8 119.8 119.8 119.8 122.4 122.4 122.4 122.4 122.4 122.4 125.7 125.7 125.7 127.7 127.7 127.7 129.6 129.6 129.6 129.6 129.6 129.6 132.8 132.8 132.8 132.8 132.8 132.8 132.8 136.9 136.9 136.9 136.9 136.9 136.9 136.9 136.9 136.9 139.1 139.1 142.4 142.4
111.0 111.0 111.0 111.0 110.9 110.9 112.4 112.4 112.4 112.4 113.0 113.0 113.0 113.0 113.0 113.0 114.8 114.8 114.8 114.8 114.8 114.8 114.8 114.8 114.8 114.3 114.3 114.8 114.8 116.5 116.5 116.5 116.5 116.5 119.8 119.8 119.8 119.8 119.8 119.8 119.8 122.4 122.4 122.4 122.4 122.4 125.7 125.7 125.7 125.7 125.7 127.7 127.7 129.6 129.6 129.6 129.6 129.6 129.6 132.8 132.8 132.8 132.8 132.8 135.3 135.3 136.9 136.9 136.9 136.9 136.9 136.9 136.9 136.9 136.9 136.9 137.4 142.4 142.4
111.0 111.0 110.9 110.9 110.9 110.9 110.9 110.9 110.9 110.9 113.0 113.0 113.0 113.0 113.0 113.0 114.8 114.8 114.8 114.8 114.8 114.8 114.3 114.3 114.3 114.3 114.3 114.8 114.8 116.5 116.5 116.5 116.5 116.5 116.5 119.8 119.8 119.8 119.8 119.8 119.8 119.8 122.4 122.4 122.4 125.7 125.7 125.7 125.7 125.7 125.7 125.7 125.7 129.6 129.6 129.6 129.6 129.6 129.6 132.8 132.8 132.8 132.8 135.3 135.3 135.3 135.3 136.9 136.9 136.9 136.9 136.9 136.9 136.9 137.4 137.4 137.4 137.4 142.4
110.9 110.9 110.9 110.9 110.9 110.9 110.9 110.9 110.9 110.9 110.9 113.0 113.0 113.0 113.0 113.0 112.1 112.1 114.8 114.8 114.3 114.3 114.3 114.3 114.3 114.3 114.8 114.8 114.8 116.5 116.5 116.5 116.5 116.5 116.5 116.5 119.8 119.8 119.8 119.8 122.2 122.2 122.2 122.2 122.2 125.7 125.7 125.7 125.7 125.7 125.7 125.7 125.7 125.7 129.6 129.6 129.6 129.6 130.6 130.6 133.7 133.7 133.7 133.7 135.3 135.3 135.3 135.3 136.9 136.9 136.9 136.9 137.4 137.4 137.4 137.4 137.4 137.4 137.4
110.9 110.9 110.9 110.9 110.9 110.9 110.9 110.9 110.9 110.9 110.9 113.0 113.0 113.0 113.0 112.1 112.1 112.1 112.1 112.1 114.3 114.3 114.3 114.3 114.3 114.3 114.8 114.8 114.8 116.5 116.5 116.5 116.5 116.5 116.5 116.5 116.5 119.8 119.8 122.2 122.2 122.2 122.2 122.2 122.2 122.2 125.7 125.7 125.7 125.7 125.7 125.7 125.7 125.7 129.6 130.6 130.6 130.6 130.6 130.6 133.7 133.7 133.7 133.7 133.7 135.3 135.3 135.3 135.3 136.9 137.4 137.4 137.4 137.4 137.4 137.4 137.4 137.4 137.4
110.2 110.2 110.2 110.2 110.2 110.2 110.2 110.2 110.2 110.2 110.2 110.2 113.0 112.1 112.1 112.1 112.1 112.1 112.1 112.1 114.3 114.3 114.3 114.3 114.3 114.3 114.8 114.8 114.8 116.5 116.5 116.5 116.5 116.5 116.5 116.5 116.5 116.5 122.2 122.2 122.2 122.2 122.2 122.2 122.2 122.2 123.3 125.7 125.7 125.7 125.7 125.7 125.7 125.7 130.6 130.6 130.6 130.6 130.6 130.6 133.7 133.7 133.7 133.7 133.7 135.3 135.3 135.3 135.3 137.4 137.4 137.4 137.4 137.4 137.4 137.4 137.4 137.4 137.4
108.7 108.7 110.2 110.2 110.2 110.2 110.2 110.2 110.2 110.2 110.2 110.2 110.2 112.1 112.1 112.1 112.1 112.1 112.1 112.1 112.1 114.3 114.3 114.3 114.3 114.8 114.8 114.8 114.8 114.8 116.5 116.5 116.5 116.5 116.5 116.5 116.5 116.8 122.2 122.2 122.2 122.2 122.2 122.2 122.2 123.3 123.3 123.3 123.3 125.7 125.7 125.7 125.7 130.6 130.6 130.6 130.6 130.6 130.6 130.6 130.6 133.7 133.7 133.7 133.7 133.7 135.3 135.3 135.3 136.6 137.4 137.4 137.4 137.4 137.4 137.4 137.4 137.4 141.3
108.7 108.7 108.7 108.7 110.2 110.2 110.2 110.2 110.2 110.2 110.2 110.2 110.2 112.1 112.1 112.1 112.1 112.1 112.1 112.1 112.1 114.3 114.3 114.3 114.3 114.8 114.8 114.8 114.8 114.8 116.5 116.5 116.5 116.5 116.5 116.8 116.8 116.8 116.8 122.2 122.2 122.2 122.2 122.2 122.2 123.3 123.3 123.3 124.8 124.8 124.8 124.8 124.8 130.6 130.6 130.6 130.6 130.6 130.6 130.6 130.6 133.7 133.7 133.7 133.7 133.7 134.6 134.6 134.6 136.6 136.6 136.6 136.9 136.9 136.9 136.9 136.9 137.5 141.3
108.7 108.7 108.7 108.7 108.7 108.7 110.2 110.2 110.2 110.2 110.2 110.2 112.1 112.1 112.1 112.1 112.1 112.1 112.1 112.1 112.1 112.1 114.3 114.3 114.3 114.8 114.8 114.8 114.8 114.8 116.5 116.5 116.5 116.5 116.8 116.8 116.8 116.8 119.3 119.3 119.3 122.2 122.2 122.2 123.3 123.3 123.3 123.3 124.8 124.8 124.8 124.8 124.8 130.6 130.6 130.6 130.6 130.6 130.6 130.6 130.6 133.7 133.7 133.7 133.7 134.6 134.6 134.6 134.6 136.6 136.6 136.9 136.9 136.9 136.9 136.9 137.5 137.5 141.3
108.7 108.7 108.7 108.7 108.7 108.7 108.7 108.7 110.2 110.2 110.2 110.2 112.1 112.1 112.1 112.1 112.1 112.1 112.1 112.1 112.1 112.1 112.1 114.3 114.8 114.8 114.8 114.8 114.7 114.7 114.7 116.5 116.8 116.8 116.8 116.8 116.8 116.8 119.3 119.3 119.3 119.3 119.3 122.2 123.3 123.3 123.3 124.8 124.8 124.8 124.8 124.8 124.8 124.8 130.6 130.6 130.6 130.6 130.6 130.6 130.6 130.6 133.7 133.7 134.6 134.6 134.6 134.6 134.6 136.6 136.9 136.9 136.9 136.9 136.9 137.5 137.5 137.5 141.3
108.7 108.7 108.7 108.7 108.7 108.7 108.7 108.7 108.7 108.7 110.2 110.2 112.1 112.1 112.1 112.1 112.1 112.1 112.1 112.1 112.1 112.1 112.1 114.3 114.8 114.8 114.7 114.7 114.7 114.7 114.7 114.7 116.8 116.8 116.8 116.8 116.8 116.8 119.3 119.3 119.3 119.3 119.3 119.3 123.3 123.3 123.3 124.8 124.8 124.8 124.8 124.8 124.8 127.5 127.5 130.6 130.6 130.6 130.6 130.6 130.6 130.6 133.7 133.7 134.6 134.6 134.6 134.6 134.6 134.6 136.9 136.9 136.9 136.9 137.5 137.5 137.5 137.5 141.3
108.7 108.7 108.7 108.7 108.7 108.7 108.7 108.7 108.7 108.7 108.7 108.7 112.1 112.1 112.1 112.1 112.1 112.1 112.1 112.1 112.1 112.1 112.1 112.1 114.7 114.7 114.7 114.7 114.7 114.7 114.7 114.7 116.6 116.6 116.6 116.6 116.6 116.6 119.3 119.3 119.3 119.3 119.3 119.3 119.3 123.3 124.8 124.8 124.8 124.8 124.8 124.8 127.5 127.5 127.5 127.5 130.6 130.6 130.6 130.6 130.6 130.6 133.7 134.6 134.6 134.6 134.6 134.6 134.6 134.6 136.9 136.9 136.9 137.5 137.5 137.5 137.5 137.5 141.3
