code_hw01/nn.asc
NCOLS 250
NROWS 250
XLLCORNER 2.0
YLLCORNER 3.0
CELLSIZE 1
NODATA_VALUE -9999
[rows 175 to 209 of 250, columns 0 to 78 of 250]
89.6 92.3 92.3 92.3 92.3 92.3 92.3 92.3 92.3 92.3 92.3 91.7 91.7 91.7 91.7 91.7 97.1 97.1 97.1 97.1 98.2 98.2 98.2 96.3 96.3 96.3 96.3 96.3 96.3 96.3 96.3 102.2 102.2 102.2 102.2 102.2 102.4 102.4 102.4 102.4 102.4 102.4 102.4 102.4 102.4 102.4 102.4 102.4 111.3 111.3 111.3 111.3 111.3 111.3 111.3 111.3 110.1 110.1 110.1 110.1 110.1 115.7 115.7 115.7 119.1 119.1 119.1 119.1 119.1 119.1 121.4 121.4 121.4 121.4 121.4 121.4 124.5 124.5 124.5
89.6 89.6 92.3 92.3 92.3 92.3 92.3 92.3 92.3 92.3 91.7 91.7 91.7 91.7 91.7 91.7 91.7 97.1 97.1 97.1 98.2 98.2 96.3 96.3 96.3 96.3 96.3 96.3 96.3 96.3 96.3 96.3 102.2 102.2 102.2 102.4 102.4 102.4 102.4 102.4 102.4 102.4 102.4 102.4 102.4 102.4 102.4 102.4 102.4 111.3 111.3 111.3 111.3 111.3 111.3 110.1 110.1 110.1 110.1 110.1 110.1 110.1 110.1 115.7 119.1 119.1 119.1 119.1 119.1 119.1 119.1 121.4 121.4 121.4 121.4 121.4 121.4 124.5 124.5
89.6 89.6 89.6 92.3 92.3 92.3 92.3 92.3 92.3 92.3 91.7 91.7 91.7 91.7 91.7 91.7 91.7 91.7 91.7 97.1 96.3 96.3 96.3 96.3 96.3 96.3 96.3 96.3 96.3 96.3 96.3 96.3 96.3 102.2 102.2 102.4 102.4 102.4 102.4 102.4 102.4 102.4 102.4 102.4 102.4 102.4 102.4 102.4 102.4 111.3 111.3 111.3 111.3 110.1 110.1 110.1 110.1 110.1 110.1 110.1 110.1 110.1 110.1 110.1 116.5 116.5 116.5 116.5 119.1 119.1 119.1 119.1 121.4 121.4 121.4 121.4 121.4 121.4 124.5
89.6 89.6 89.6 89.6 92.3 92.3 92.3 92.3 92.3 91.7 91.7 91.7 91.7 91.7 91.7 91.7 91.7 91.7 91.7 96.3 96.3 96.3 96.3 96.3 96.3 96.3 96.3 96.3 96.3 96.3 96.3 96.3 96.3 96.3 102.4 102.4 102.4 102.4 102.4 102.4 102.4 102.4 102.4 102.4 102.4 102.4 102.4 102.4 102.4 111.3 111.3 111.3 110.1 110.1 110.1 110.1 110.1 110.1 110.1 110.1 110.1 110.1 110.1 116.5 116.5 116.5 116.5 116.5 116.5 119.1 119.1 119.1 119.1 121.4 121.4 121.4 121.4 121.4 128.9
89.6 89.6 89.6 89.6 92.3 92.3 92.3 92.3 92.3 91.7 91.7 91.7 91.7 91.7 91.7 91.7 91.7 91.7 91.7 96.3 96.3 96.3 96.3 96.3 96.3 96.3 96.3 96.3 96.3 96.3 96.3 96.3 96.3 96.3 96.3 102.4 102.4 102.4 102.4 102.4 102.4 102.4 102.4 102.4 102.4 102.4 102.4 102.4 102.4 111.3 110.1 110.1 110.1 110.1 110.1 110.1 110.1 110.1 110.1 110.1 110.1 110.1 110.1 116.5 116.5 116.5 116.5 116.5 116.5 116.5 119.1 119.1 119.1 119.1 116.5 121.4 121.4 121.4 128.9
89.6 89.6 89.6 89.6 89.6 92.3 92.3 92.3 91.7 91.7 91.7 91.7 91.7 91.7 91.7 91.7 91.7 91.7 91.7 96.3 96.3 96.3 96.3 96.3 96.3 96.3 96.3 96.3 96.3 96.3 96.3 96.3 96.3 96.3 96.3 102.4 102.4 102.4 102.4 102.4 102.4 102.4 102.4 102.4 102.4 102.4 102.4 102.4 102.4 110.1 110.1 110.1 110.1 110.1 110.1 110.1 110.1 110.1 110.1 110.1 110.1 110.1 110.1 116.5 116.5 116.5 116.5 116.5 116.5 116.5 116.5 116.5 116.5 116.5 116.5 116.5 116.5 116.5 116.5
89.6 89.6 89.6 89.6 89.6 89.6 92.3 92.3 91.7 91.7 91.7 91.7 91.7 91.7 91.7 91.7 91.7 91.7 91.7 96.3 96.3 96.3 96.3 96.3 96.3 96.3 96.3 96.3 96.3 96.3 96.3 96.3 96.3 96.3 96.3 102.4 102.4 102.4 102.4 102.4 102.4 102.4 102.4 102.4 102.4 102.4 102.4 102.4 102.4 110.1 110.1 110.1 110.1 110.1 110.1 110.1 110.1 110.1 110.1 110.1 110.1 110.1 107.9 116.5 116.5 116.5 116.5 116.5 116.5 116.5 116.5 116.5 116.5 116.5 116.5 116.5 116.5 116.5 116.5
89.6 89.6 89.6 89.6 89.6 89.6 89.6 91.7 91.7 91.7 91.7 91.7 91.7 91.7 91.7 91.7 91.7 91.7 91.7 90.4 90.4 90.4 90.4 90.4 90.4 90.4 90.4 90.4 90.4 90.4 90.4 90.4 90.4 90.4 90.4 102.4 102.4 102.4 102.4 102.4 102.4 102.4 102.4 102.4 102.4 102.4 102.4 102.4 102.4 110.1 110.1 110.1 110.1 110.1 110.1 110.1 110.1 110.1 107.9 107.9 107.9 107.9 107.9 107.9 116.5 116.5 116.5 116.5 116.5 116.5 116.5 116.5 116.5 116.5 116.5 116.5 116.5 116.5 116.5
89.6 89.6 89.6 89.6 89.6 89.6 89.6 91.7 91.7 91.7 91.7 91.7 91.7 91.7 91.7 91.7 91.7 91.7 91.7 90.4 90.4 90.4 90.4 90.4 90.4 90.4 90.4 90.4 90.4 90.4 90.4 90.4 90.4 90.4 90.4 90.4 102.4 102.4 102.4 102.4 102.4 102.4 102.4 102.4 102.4 102.4 102.4 102.4 102.4 110.1 110.1 110.1 110.1 110.1 107.9 107.9 107.9 107.9 107.9 107.9 107.9 107.9 107.9 107.9 107.9 116.5 116.5 116.5 116.5 116.5 116.5 116.5 116.5 116.5 116.5 116.5 116.5 116.5 116.5
89.6 89.6 89.6 89.6 89.6 89.6 89.6 83.9 91.7 91.7 91.7 91.7 91.7 91.7 91.7 91.7 91.7 91.7 90.4 90.4 90.4 90.4 90.4 90.4 90.4 90.4 90.4 90.4 90.4 90.4 90.4 90.4 90.4 90.4 90.4 90.4 90.4 102.4 102.4 102.4 102.4 102.4 102.4 102.4 102.4 102.4 102.4 102.4 102.4 110.1 107.9 107.9 107.9 107.9 107.9 107.9 107.9 107.9 107.9 107.9 107.9 107.9 107.9 107.9 107.9 107.9 116.5 116.5 116.5 116.5 116.5 116.5 116.5 116.5 116.5 116.5 116.5 116.5 116.1
89.6 89.6 89.6 89.6 89.6 84.5 84.5 83.9 83.9 83.9 91.7 91.7 91.7 84.8 84.8 84.8 84.8 84.8 90.4 90.4 90.4 90.4 90.4 90.4 90.4 90.4 90.4 90.4 90.4 90.4 90.4 90.4 90.4 90.4 90.4 90.4 90.4 90.4 102.4 102.4 102.4 102.4 102.4 102.4 102.4 102.4 102.4 102.4 107.9 107.9 107.9 107.9 107.9 107.9 107.9 107.9 107.9 107.9 107.9 107.9 107.9 107.9 107.9 107.9 107.9 107.9 113.2 113.2 113.2 113.2 116.5 116.5 116.5 116.5 116.5 116.5 116.5 116.1 116.1
89.6 89.6 84.5 84.5 84.5 84.5 83.9 83.9 83.9 83.9 84.8 84.8 84.8 84.8 84.8 84.8 84.8 84.8 90.4 90.4 90.4 90.4 90.4 90.4 90.4 90.4 90.4 90.4 90.4 90.4 90.4 90.4 90.4 90.4 90.4 90.4 90.4 90.4 86.3 86.3 86.3 86.3 86.3 86.3 86.3 86.3 86.3 86.3 107.9 107.9 107.9 107.9 107.9 107.9 107.9 107.9 107.9 107.9 107.9 107.9 107.9 107.9 107.9 107.9 107.9 107.9 113.2 113.2 113.2 113.2 113.2 113.2 113.2 113.2 113.2 116.5 116.1 116.1 116.1
84.5 84.5 84.5 84.5 84.5 84.5 83.9 83.9 83.9 83.9 84.8 84.8 84.8 84.8 84.8 84.8 84.8 84.8 84.8 90.4 90.4 90.4 90.4 90.4 90.4 90.4 90.4 90.4 90.4 90.4 90.4 90.4 90.4 90.4 90.4 90.4 90.4 86.3 86.3 86.3 86.3 86.3 86.3 86.3 86.3 86.3 86.3 86.3 86.3 107.9 107.9 107.9 107.9 107.9 107.9 107.9 107.9 107.9 107.9 107.9 107.9 107.9 107.9 107.9 107.9 111.5 113.2 113.2 113.2 113.2 113.2 113.2 113.2 113.2 113.2 116.1 116.1 116.1 116.1
84.5 84.5 84.5 84.5 84.5 84.5 83.9 83.9 83.9 83.9 84.8 84.8 84.8 84.8 84.8 84.8 84.8 84.8 84.8 90.4 90.4 90.4 90.4 90.4 90.4 90.4 90.4 90.4 90.4 90.4 90.4 90.4 90.4 90.4 90.4 90.4 86.3 86.3 86.3 86.3 86.3 86.3 86.3 86.3 86.3 86.3 86.3 86.3 86.3 107.9 107.9 107.9 107.9 107.9 107.9 107.9 107.9 107.9 107.9 107.9 107.9 107.9 107.9 107.9 107.9 111.5 111.5 111.5 113.2 113.2 113.2 113.2 113.2 113.2 113.2 116.1 116.1 116.1 116.1
84.5 84.5 84.5 84.5 84.5 83.9 83.9 83.9 83.9 83.9 84.8 84.8 84.8 84.8 84.8 84.8 84.8 84.8 84.8 84.8 90.4 90.4 90.4 90.4 90.4 90.4 90.4 90.4 90.4 90.4 90.4 90.4 90.4 90.4 90.4 90.4 86.3 86.3 86.3 86.3 86.3 86.3 86.3 86.3 86.3 86.3 86.3 86.3 86.3 86.3 107.9 107.9 107.9 107.9 107.9 107.9 107.9 107.9 107.9 107.9 107.9 107.9 107.9 107.9 111.5 111.5 111.5 111.5 111.5 111.5 113.2 113.2 113.2 113.2 116.1 116.1 116.1 116.1 116.1
84.5 84.5 84.5 84.5 84.5 83.9 83.9 83.9 83.9 83.9 84.8 84.8 84.8 84.8 84.8 84.8 84.8 84.8 84.8 84.8 90.4 90.4 90.4 90.4 90.4 90.4 90.4 90.4 90.4 90.4 90.4 90.4 90.4 90.4 90.4 86.3 86.3 86.3 86.3 86.3 86.3 86.3 86.3 86.3 86.3 86.3 86.3 86.3 86.3 86.3 107.9 107.9 107.9 107.9 107.9 107.9 107.9 107.9 107.9 107.9 107.9 107.9 107.9 107.9 111.5 111.5 111.5 111.5 111.5 111.5 111.5 111.5 113.2 113.2 116.1 116.1 116.1 116.1 116.1
84.5 84.5 84.5 84.5 84.5 83.9 83.9 83.9 83.9 83.9 84.8 84.8 84.8 84.8 84.8 84.8 84.8 84.8 84.8 84.8 84.8 90.4 90.4 90.4 90.4 90.4 90.4 90.4 90.4 90.4 90.4 90.4 90.4 90.4 86.3 86.3 86.3 86.3 86.3 86.3 86.3 86.3 86.3 86.3 86.3 86.3 86.3 86.3 86.3 86.3 88.5 107.9 107.9 107.9 107.9 107.9 107.9 107.9 107.9 107.9 107.9 107.9 108.3 108.3 108.3 108.3 111.5 111.5 111.5 111.5 111.5 111.5 111.5 116.1 116.1 116.1 116.1 116.1 116.1
84.5 84.5 84.5 84.5 83.9 83.9 83.9 83.9 83.9 84.8 84.8 84.8 84.8 84.8 84.8 84.8 84.8 84.8 84.8 84.8 82.1 82.1 82.1 82.1 82.1 82.1 90.4 90.4 90.4 90.4 90.4 90.4 90.4 90.4 86.3 86.3 86.3 86.3 86.3 86.3 86.3 86.3 86.3 86.3 86.3 86.3 86.3 86.3 86.3 88.5 88.5 92.7 107.9 107.9 107.9 107.9 107.9 107.9 107.9 107.9 107.9 108.3 108.3 108.3 108.3 108.3 108.3 108.3 111.5 111.5 111.5 111.5 111.5 116.1 116.1 116.1 116.1 116.1 116.1
84.5 84.5 84.5 84.5 83.9 83.9 83.9 83.9 83.9 84.8 84.8 84.8 84.8 84.8 84.8 84.8 84.8 84.8 84.8 84.8 82.1 82.1 82.1 82.1 82.1 82.1 82.1 82.1 82.1 82.1 82.1 82.1 90.4 86.3 86.3 86.3 86.3 86.3 86.3 86.3 86.3 86.3 86.3 86.3 86.3 86.3 86.3 86.3 88.5 88.5 88.5 92.7 92.7 92.7 107.9 107.9 107.9 107.9 107.9 108.3 108.3 108.3 108.3 108.3 108.3 108.3 108.3 108.3 108.3 108.3 108.3 111.5 111.5 116.1 116.1 116.1 116.1 116.1 116.1
84.5 84.5 84.5 84.5 83.9 83.9 83.9 83.9 83.9 84.8 84.8 84.8 84.8 84.8 84.8 84.8 84.8 84.8 84.8 82.1 82.1 82.1 82.1 82.1 82.1 82.1 82.1 82.1 82.1 82.1 82.1 82.1 82.1 86.3 86.3 86.3 86.3 86.3 86.3 86.3 86.3 86.3 86.3 86.3 86.3 86.3 86.3 88.5 88.5 88.5 92.7 92.7 92.7 92.7 92.7 98.3 98.3 107.9 108.3 108.3 108.3 108.3 108.3 108.3 108.3 108.3 108.3 108.3 108.3 108.3 108.3 108.3 108.3 116.1 116.1 116.1 116.1 116.1 116.1
84.5 84.5 84.5 83.9 83.9 83.9 83.9 83.9 83.9 84.8 84.8 84.8 84.8 84.8 84.8 84.8 84.8 84.8 84.8 82.1 82.1 82.1 82.1 82.1 82.1 82.1 82.1 82.1 82.1 82.1 82.1 82.1 82.1 86.3 86.3 86.3 86.3 86.3 86.3 86.3 86.3 86.3 86.3 86.3 86.3 86.3 88.5 88.5 88.5 88.5 92.7 92.7 92.7 92.7 92.7 98.3 98.3 98.3 108.3 108.3 108.3 108.3 108.3 108.3 108.3 108.3 108.3 108.3 108.3 108.3 108.3 108.3 108.3 116.1 116.1 116.1 116.1 116.1 116.1
84.5 84.5 84.5 83.9 83.9 83.9 83.9 83.9 83.9 84.8 84.8 84.8 84.8 84.8 84.8 84.8 84.8 84.8 84.8 82.1 82.1 82.1 82.1 82.1 82.1 82.1 82.1 82.1 82.1 82.1 82.1 82.1 82.1 86.3 86.3 86.3 86.3 86.3 86.3 86.3 86.3 86.3 86.3 86.3 86.3 88.5 88.5 88.5 88.5 88.5 92.7 92.7 92.7 92.7 98.3 98.3 98.3 98.3 98.3 108.3 108.3 108.3 108.3 108.3 108.3 108.3 108.3 108.3 108.3 108.3 108.3 108.3 108.3 116.1 116.1 116.1 116.1 116.1 116.1
84.5 84.5 84.5 83.9 83.9 83.9 83.9 83.9 83.9 84.8 84.8 84.8 84.8 84.8 84.8 84.8 84.8 84.8 82.1 82.1 82.1 82.1 82.1 82.1 82.1 82.1 82.1 82.1 82.1 82.1 82.1 82.1 82.1 86.3 86.3 86.3 86.3 86.3 86.3 86.3 86.3 86.3 86.3 86.3 85.7 88.5 88.5 88.5 88.5 92.7 92.7 92.7 92.7 92.7 98.3 98.3 98.3 98.3 98.3 98.3 108.3 108.3 108.3 108.3 108.3 108.3 108.3 108.3 108.3 108.3 108.3 108.3 108.3 108.3 116.1 116.1 116.1 116.1 116.1
78.2 78.2 78.2 78.2 78.2 78.2 78.2 78.2 78.2 78.2 84.8 84.8 84.8 84.8 84.8 84.8 84.8 78.8 82.1 82.1 82.1 82.1 82.1 82.1 82.1 82.1 82.1 82.1 82.1 82.1 82.1 82.1 82.1 86.3 86.3 86.3 86.3 86.3 86.3 86.3 86.3 85.7 85.7 85.7 88.5 88.5 88.5 88.5 88.5 92.7 92.7 92.7 92.7 92.7 98.3 98.3 98.3 98.3 98.3 98.3 98.3 108.3 108.3 108.3 108.3 108.3 108.3 108.3 108.3 108.3 108.3 108.3 108.3 108.3 116.1 116.1 116.1 116.1 110.8
78.2 78.2 78.2 78.2 78.2 78.2 78.2 78.2 78.2 78.2 78.2 78.2 84.8 84.8 84.8 84.8 78.8 78.8 78.8 78.8 82.1 82.1 82.1 82.1 82.1 82.1 82.1 82.1 82.1 82.1 82.1 82.1 82.1 86.3 86.3 86.3 86.3 86.3 85.7 85.7 85.7 85.7 85.7 85.7 88.5 88.5 88.5 88.5 92.7 92.7 92.7 92.7 92.7 92.7 98.3 98.3 98.3 98.3 98.3 98.3 98.3 98.3 103.2 103.2 103.2 103.2 108.3 108.3 108.3 108.3 108.3 108.3 108.3 108.3 110.8 110.8 110.8 110.8 110.8
78.2 78.2 78.2 78.2 78.2 78.2 78.2 78.2 78.2 78.2 78.2 78.2 77.0 77.0 77.0 78.8 78.8 78.8 78.8 78.8 78.8 78.8 82.1 82.1 82.1 82.1 82.1 82.1 82.1 82.1 82.1 82.1 82.1 86.3 86.3 85.7 85.7 85.7 85.7 85.7 85.7 85.7 85.7 85.7 88.5 88.5 88.5 88.5 92.7 92.7 92.7 92.7 92.7 92.7 98.3 98.3 98.3 98.3 98.3 98.3 98.3 98.3 103.2 103.2 103.2 103.2 103.2 103.2 103.2 103.2 103.2 103.2 103.2 103.2 110.8 110.8 110.8 110.8 110.8
78.2 78.2 78.2 78.2 78.2 78.2 78.2 78.2 78.2 78.2 78.2 77.0 77.0 77.0 77.0 78.8 78.8 78.8 78.8 78.8 78.8 78.8 78.8 78.8 82.1 82.1 82.1 82.1 82.1 82.1 82.1 82.1 82.1 85.7 85.7 85.7 85.7 85.7 85.7 85.7 85.7 85.7 85.7 88.5 88.5 88.5 88.5 88.5 92.7 92.7 92.7 92.7 92.7 92.7 98.3 98.3 98.3 98.3 98.3 98.3 98.3 98.3 103.2 103.2 103.2 103.2 103.2 103.2 103.2 103.2 103.2 103.2 103.2 103.2 110.8 110.8 110.8 110.8 110.8
78.2 78.2 78.2 78.2 78.2 78.2 78.2 78.2 78.2 78.2 77.1 77.0 77.0 77.0 77.0 77.0 78.8 78.8 78.8 78.8 78.8 78.8 78.8 78.8 78.8 78.8 82.1 82.1 82.1 82.1 82.1 82.1 82.1 80.5 85.7 85.7 85.7 85.7 85.7 85.7 85.7 85.7 85.7 88.5 88.5 88.5 88.5 92.7 92.7 92.7 92.7 92.7 92.7 92.7 98.3 98.3 98.3 98.3 98.3 98.3 98.3 98.3 103.2 103.2 103.2 103.2 103.2 103.2 103.2 103.2 103.2 103.2 103.2 103.2 110.8 110.8 110.8 110.8 110.8
78.2 78.2 78.2 78.2 78.2 78.2 78.2 78.2 77.1 77.1 77.1 77.0 77.0 77.0 77.0 77.0 78.8 78.8 78.8 78.8 78.8 78.8 78.8 78.8 78.8 78.8 78.8 78.8 82.1 82.1 82.1 82.1 80.5 80.5 80.5 84.7 84.7 84.7 84.7 84.7 84.7 84.7 84.7 84.7 88.5 88.5 88.5 92.7 92.7 92.7 92.7 92.7 92.7 98.3 98.3 98.3 98.3 98.3 98.3 98.3 98.3 98.3 103.2 103.2 103.2 103.2 103.2 103.2 103.2 103.2 103.2 103.2 103.2 103.2 110.8 110.8 110.8 110.8 110.8
78.2 78.2 78.2 78.2 78.2 78.2 78.2 77.1 77.1 77.1 77.0 77.0 77.0 77.0 77.0 77.0 78.8 78.8 78.8 78.8 78.8 78.8 78.8 78.8 78.8 78.8 78.8 78.8 78.8 78.8 82.1 80.5 80.5 80.5 80.5 80.5 84.7 84.7 84.7 84.7 84.7 84.7 84.7 84.7 84.7 88.5 88.5 92.7 92.7 92.7 92.7 92.7 92.7 98.3 98.3 98.3 98.3 98.3 98.3 98.3 98.3 98.3 103.2 103.2 103.2 103.2 103.2 103.2 103.2 103.2 103.2 103.2 103.2 103.2 110.8 110.8 110.8 110.8 110.8
78.2 78.2 78.2 78.2 78.2 77.1 77.1 77.1 77.1 77.1 77.0 77.0 77.0 77.0 77.0 77.0 78.8 78.8 78.8 78.8 78.8 78.8 78.8 78.8 78.8 78.8 78.8 78.8 78.8 78.8 76.8 80.5 80.5 80.5 80.5 80.5 80.5 84.7 84.7 84.7 84.7 84.7 84.7 84.7 84.7 84.7 92.7 92.7 92.7 92.7 92.7 92.7 93.1 98.3 98.3 98.3 98.3 98.3 98.3 98.3 97.8 97.8 97.8 103.2 103.2 103.2 103.2 103.2 103.2 103.2 103.2 103.2 103.2 103.2 110.8 110.8 110.8 110.8 110.8
78.2 78.2 78.2 78.2 77.1 77.1 77.1 77.1 77.1 77.1 77.0 77.0 77.0 77.0 77.0 77.0 77.0 78.8 78.8 78.8 78.8 78.8 78.8 78.8 78.8 75.7 75.7 75.7 75.7 75.7 76.8 80.5 80.5 80.5 80.5 80.5 80.5 80.5 84.1 84.1 84.1 84.1 84.1 84.1 84.1 84.1 84.1 92.7 92.7 93.1 93.1 93.1 93.1 93.1 97.3 97.3 97.3 97.3 97.3 97.3 97.8 97.8 97.8 103.2 103.2 103.2 103.2 103.2 103.2 103.2 103.2 103.2 103.2 103.2 110.8 110.8 110.8 110.8 110.8
74.6 74.6 74.6 74.6 74.6 74.6 77.1 77.1 77.1 77.0 77.0 77.0 77.0 77.0 77.0 77.0 77.0 78.8 78.8 75.7 75.7 75.7 75.7 75.7 75.7 75.7 75.7 75.7 75.7 76.8 76.8 76.8 80.5 80.5 80.5 80.5 80.5 80.5 80.5 84.1 84.1 84.1 84.1 84.1 84.1 84.1 84.1 93.1 93.1 93.1 93.1 93.1 93.1 93.1 97.3 97.3 97.3 97.3 97.3 97.8 97.8 97.8 97.8 97.8 103.2 103.2 103.2 103.2 103.2 103.2 103.2 103.2 103.2 103.2 110.8 110.8 110.8 110.8 110.8
74.6 74.6 74.6 74.6 74.6 74.6 74.6 74.6 77.1 77.0 77.0 77.0 77.0 77.0 77.0 77.0 77.0 75.7 75.7 75.7 75.7 75.7 75.7 75.7 75.7 75.7 75.7 75.7 75.7 76.8 76.8 76.8 80.5 80.5 80.5 80.5 80.5 80.5 80.5 80.5 84.1 84.1 84.1 84.1 84.1 84.1 84.1 93.1 93.1 93.1 93.1 93.1 93.1 93.1 93.1 97.3 97.3 97.3 97.3 97.8 97.8 97.8 97.8 97.8 97.8 103.2 103.2 103.2 103.2 103.2 103.2 103.2 103.2 103.2 110.8 110.8 110.8 107.4 107.4
74.6 74.6 74.6 74.6 74.6 74.6 74.6 74.6 74.6 77.0 77.0 77.0 77.0 77.0 77.0 77.0 77.0 75.7 75.7 75.7 75.7 75.7 75.7 75.7 75.7 75.7 75.7 75.7 76.8 76.8 76.8 76.8 76.8 80.5 80.5 80.5 80.5 80.5 80.5 80.5 80.5 84.1 84.1 84.1 84.1 84.1 84.1 93.1 93.1 93.1 93.1 93.1 93.1 93.1 93.1 97.3 97.3 97.3 97.8 97.8 97.8 97.8 97.8 97.8 97.8 96.6 96.6 96.6 103.2 103.2 103.2 103.2 103.2 103.2 107.4 107.4 107.4 107.4 107.4
