code_hw01/nn.asc
NCOLS 515
NROWS 575
XLLCORNER 587311.826320024
YLLCORNER 137646.940111098
CELLSIZE 200.0
NODATA_VALUE -9999
[rows 528 to 560 of 575, columns 222 to 295 of 515]
432.7 432.7 432.7 466.0 466.0 466.8 466.8 466.8 466.8 466.8 466.8 466.8 466.8 466.8 466.8 466.8 466.8 466.8 506.9 506.9 506.9 585.3 585.3 585.3 585.3 585.3 585.3 585.3 585.3 585.3 585.3 585.3 585.3 585.3 585.3 585.3 384.5 384.5 384.5 384.5 384.5 384.5 384.5 384.5 384.5 384.5 384.5 384.5 384.5 384.5 443.8 443.8 443.8 443.8 443.8 443.8 443.8 443.8 443.8 443.8 443.8 443.8 429.2 429.2 429.2 429.2 429.2 429.2 429.2 429.2 429.2 429.2 435.0 435.0
432.7 432.7 432.7 432.7 466.8 466.8 466.8 466.8 466.8 466.8 466.8 466.8 466.8 466.8 466.8 466.8 466.8 466.8 466.8 506.9 585.3 585.3 585.3 585.3 585.3 585.3 585.3 585.3 585.3 585.3 585.3 585.3 585.3 585.3 585.3 384.5 384.5 384.5 384.5 384.5 384.5 384.5 384.5 384.5 384.5 384.5 384.5 384.5 384.5 384.5 384.5 443.8 443.8 443.8 443.8 443.8 443.8 443.8 443.8 443.8 443.8 443.8 429.2 429.2 429.2 429.2 429.2 429.2 429.2 429.2 429.2 429.2 429.2 503.2
432.7 432.7 432.7 432.7 466.8 466.8 466.8 466.8 466.8 466.8 466.8 466.8 466.8 466.8 466.8 466.8 466.8 466.8 466.8 585.3 585.3 585.3 585.3 585.3 585.3 585.3 585.3 585.3 585.3 585.3 585.3 585.3 585.3 585.3 585.3 384.5 384.5 384.5 384.5 384.5 384.5 384.5 384.5 384.5 384.5 384.5 384.5 384.5 384.5 384.5 384.5 443.8 443.8 443.8 443.8 443.8 443.8 443.8 443.8 443.8 443.8 429.2 429.2 429.2 429.2 429.2 429.2 429.2 429.2 429.2 429.2 429.2 503.2 503.2
641.4 641.4 641.4 641.4 466.8 466.8 466.8 466.8 466.8 466.8 466.8 466.8 466.8 466.8 466.8 466.8 466.8 466.8 466.8 394.8 394.8 585.3 585.3 585.3 585.3 585.3 585.3 585.3 585.3 585.3 585.3 585.3 585.3 585.3 384.5 384.5 384.5 384.5 384.5 384.5 384.5 384.5 384.5 384.5 384.5 384.5 384.5 384.5 384.5 384.5 384.5 384.5 443.8 443.8 443.8 443.8 443.8 443.8 443.8 443.8 429.2 429.2 429.2 429.2 429.2 429.2 429.2 429.2 429.2 429.2 429.2 429.2 503.2 503.2
641.4 641.4 641.4 641.4 641.4 466.8 466.8 466.8 466.8 466.8 466.8 466.8 466.8 466.8 466.8 466.8 466.8 466.8 394.8 394.8 394.8 394.8 394.8 394.8 585.3 585.3 585.3 585.3 585.3 585.3 585.3 585.3 585.3 384.5 384.5 384.5 384.5 384.5 384.5 384.5 384.5 384.5 384.5 384.5 384.5 384.5 384.5 384.5 384.5 384.5 384.5 384.5 384.5 443.8 443.8 443.8 443.8 443.8 443.8 443.8 429.2 429.2 429.2 429.2 429.2 429.2 429.2 429.2 429.2 429.2 429.2 503.2 503.2 503.2
641.4 641.4 641.4 641.4 641.4 641.4 466.8 466.8 466.8 466.8 466.8 466.8 466.8 466.8 466.8 466.8 466.8 394.8 394.8 394.8 394.8 394.8 394.8 394.8 394.8 394.8 394.8 585.3 585.3 585.3 585.3 585.3 384.5 384.5 384.5 384.5 384.5 384.5 384.5 384.5 384.5 384.5 384.5 384.5 384.5 384.5 384.5 384.5 384.5 384.5 384.5 384.5 384.5 443.8 443.8 443.8 443.8 443.8 443.8 429.2 429.2 429.2 429.2 429.2 429.2 429.2 429.2 429.2 429.2 429.2 503.2 503.2 503.2 503.2
641.4 641.4 641.4 641.4 641.4 641.4 641.4 466.8 466.8 466.8 466.8 466.8 466.8 466.8 466.8 394.8 394.8 394.8 394.8 394.8 394.8 394.8 394.8 394.8 394.8 394.8 394.8 394.8 394.8 409.5 409.5 409.5 384.5 384.5 384.5 384.5 384.5 384.5 384.5 384.5 384.5 384.5 384.5 384.5 384.5 384.5 384.5 384.5 384.5 384.5 384.5 384.5 384.5 384.5 443.8 443.8 443.8 443.8 443.8 429.2 429.2 429.2 429.2 429.2 429.2 429.2 429.2 429.2 429.2 429.2 503.2 503.2 503.2 503.2
641.4 641.4 641.4 641.4 641.4 641.4 641.4 641.4 466.8 466.8 466.8 466.8 466.8 466.8 394.8 394.8 394.8 394.8 394.8 394.8 394.8 394.8 394.8 394.8 394.8 394.8 394.8 394.8 394.8 409.5 409.5 409.5 409.5 384.5 384.5 384.5 384.5 384.5 384.5 384.5 384.5 384.5 384.5 384.5 384.5 384.5 384.5 384.5 384.5 384.5 384.5 384.5 384.5 384.5 443.8 443.8 443.8 443.8 429.2 429.2 429.2 429.2 429.2 429.2 429.2 429.2 429.2 429.2 417.8 503.2 503.2 503.2 503.2 503.2
641.4 641.4 641.4 641.4 641.4 641.4 641.4 641.4 641.4 466.8 466.8 466.8 466.8 394.8 394.8 394.8 394.8 394.8 394.8 394.8 394.8 394.8 394.8 394.8 394.8 394.8 394.8 394.8 409.5 409.5 409.5 409.5 409.5 384.5 384.5 384.5 384.5 384.5 384.5 384.5 384.5 384.5 384.5 384.5 384.5 384.5 384.5 384.5 384.5 384.5 384.5 384.5 384.5 384.5 384.5 443.8 443.8 443.8 429.2 429.2 429.2 429.2 429.2 429.2 417.8 417.8 417.8 417.8 417.8 417.8 503.2 503.2 503.2 503.2
641.4 641.4 641.4 641.4 641.4 641.4 641.4 641.4 610.7 610.7 610.7 610.7 610.7 394.8 394.8 394.8 394.8 394.8 394.8 394.8 394.8 394.8 394.8 394.8 394.8 394.8 394.8 394.8 409.5 409.5 409.5 409.5 409.5 409.5 384.5 384.5 384.5 384.5 384.5 384.5 384.5 384.5 384.5 384.5 384.5 384.5 384.5 384.5 384.5 384.5 384.5 384.5 384.5 384.5 384.5 443.8 443.8 429.2 429.2 417.8 417.8 417.8 417.8 417.8 417.8 417.8 417.8 417.8 417.8 417.8 417.8 503.2 503.2 503.2
641.4 641.4 641.4 641.4 641.4 641.4 641.4 610.7 610.7 610.7 610.7 610.7 610.7 394.8 394.8 394.8 394.8 394.8 394.8 394.8 394.8 394.8 394.8 394.8 394.8 394.8 394.8 409.5 409.5 409.5 409.5 409.5 409.5 409.5 384.5 384.5 384.5 384.5 384.5 384.5 384.5 384.5 384.5 384.5 384.5 384.5 384.5 384.5 384.5 384.5 384.5 384.5 384.5 384.5 384.5 371.9 371.9 417.8 417.8 417.8 417.8 417.8 417.8 417.8 417.8 417.8 417.8 417.8 417.8 417.8 417.8 417.8 417.8 503.2
641.4 641.4 641.4 641.4 641.4 641.4 610.7 610.7 610.7 610.7 610.7 610.7 610.7 610.7 394.8 394.8 394.8 394.8 394.8 394.8 394.8 394.8 394.8 394.8 394.8 394.8 394.8 409.5 409.5 409.5 409.5 409.5 409.5 409.5 409.5 384.5 384.5 384.5 384.5 384.5 384.5 384.5 384.5 384.5 384.5 384.5 384.5 384.5 384.5 384.5 384.5 384.5 384.5 371.9 371.9 371.9 371.9 371.9 417.8 417.8 417.8 417.8 417.8 417.8 417.8 417.8 417.8 417.8 417.8 417.8 417.8 417.8 417.8 417.8
641.4 641.4 641.4 641.4 641.4 610.7 610.7 610.7 610.7 610.7 610.7 610.7 610.7 610.7 394.8 394.8 394.8 394.8 394.8 394.8 394.8 394.8 394.8 394.8 394.8 394.8 394.8 409.5 409.5 409.5 409.5 409.5 409.5 409.5 409.5 409.5 384.5 384.5 384.5 384.5 384.5 384.5 384.5 384.5 384.5 384.5 384.5 384.5 384.5 384.5 384.5 384.5 371.9 371.9 371.9 371.9 371.9 371.9 417.8 417.8 417.8 417.8 417.8 417.8 417.8 417.8 417.8 417.8 417.8 417.8 417.8 417.8 417.8 417.8
641.4 641.4 641.4 641.4 610.7 610.7 610.7 610.7 610.7 610.7 610.7 610.7 610.7 610.7 610.7 394.8 394.8 394.8 394.8 394.8 394.8 394.8 394.8 394.8 394.8 394.8 409.5 409.5 409.5 409.5 409.5 409.5 409.5 409.5 409.5 409.5 384.5 384.5 384.5 384.5 384.5 384.5 384.5 384.5 384.5 384.5 384.5 384.5 384.5 384.5 384.5 371.9 371.9 371.9 371.9 371.9 371.9 371.9 371.9 417.8 417.8 417.8 417.8 417.8 417.8 417.8 417.8 417.8 417.8 417.8 417.8 417.8 417.8 417.8
641.4 641.4 641.4 610.7 610.7 610.7 610.7 610.7 610.7 610.7 610.7 610.7 610.7 610.7 610.7 394.8 394.8 394.8 394.8 394.8 394.8 394.8 394.8 394.8 394.8 394.8 409.5 409.5 409.5 409.5 409.5 409.5 409.5 409.5 409.5 409.5 409.5 384.5 384.5 384.5 384.5 384.5 384.5 384.5 384.5 384.5 384.5 384.5 384.5 384.5 371.9 371.9 371.9 371.9 371.9 371.9 371.9 371.9 371.9 417.8 417.8 417.8 417.8 417.8 417.8 417.8 417.8 417.8 417.8 417.8 417.8 417.8 417.8 417.8
641.4 641.4 610.7 610.7 610.7 610.7 610.7 610.7 610.7 610.7 610.7 610.7 610.7 610.7 610.7 610.7 394.8 394.8 394.8 394.8 394.8 394.8 394.8 394.8 394.8 409.5 409.5 409.5 409.5 409.5 409.5 409.5 409.5 409.5 409.5 409.5 409.5 384.5 384.5 384.5 384.5 384.5 384.5 384.5 384.5 384.5 384.5 384.5 384.5 371.9 371.9 371.9 371.9 371.9 371.9 371.9 371.9 371.9 371.9 371.9 417.8 417.8 417.8 417.8 417.8 417.8 417.8 417.8 417.8 417.8 417.8 417.8 417.8 417.8
719.2 610.7 610.7 610.7 610.7 610.7 610.7 610.7 610.7 610.7 610.7 610.7 610.7 610.7 610.7 610.7 394.8 394.8 394.8 394.8 466.5 466.5 466.5 466.5 466.5 466.5 409.5 409.5 409.5 409.5 409.5 409.5 409.5 409.5 409.5 409.5 409.5 409.5 384.5 384.5 384.5 384.5 384.5 384.5 384.5 384.5 384.5 384.5 371.9 371.9 371.9 371.9 371.9 371.9 371.9 371.9 371.9 371.9 371.9 371.9 417.8 417.8 417.8 417.8 417.8 417.8 417.8 417.8 417.8 417.8 417.8 417.8 417.8 439.2
719.2 719.2 610.7 610.7 610.7 610.7 610.7 610.7 610.7 610.7 610.7 610.7 610.7 610.7 610.7 610.7 466.5 466.5 466.5 466.5 466.5 466.5 466.5 466.5 466.5 466.5 466.5 409.5 409.5 409.5 409.5 409.5 409.5 409.5 409.5 409.5 409.5 409.5 409.5 384.5 384.5 384.5 384.5 384.5 384.5 384.5 371.9 371.9 371.9 371.9 371.9 371.9 371.9 371.9 371.9 371.9 371.9 371.9 371.9 371.9 371.9 417.8 417.8 417.8 417.8 417.8 417.8 417.8 417.8 417.8 417.8 417.8 439.2 439.2
719.2 719.2 610.7 610.7 610.7 610.7 610.7 610.7 610.7 610.7 610.7 610.7 610.7 610.7 610.7 610.7 466.5 466.5 466.5 466.5 466.5 466.5 466.5 466.5 466.5 466.5 466.5 466.5 409.5 409.5 409.5 409.5 409.5 409.5 409.5 409.5 409.5 409.5 409.5 384.5 384.5 384.5 384.5 384.5 384.5 371.9 371.9 371.9 371.9 371.9 371.9 371.9 371.9 371.9 371.9 371.9 371.9 371.9 371.9 371.9 371.9 417.8 417.8 417.8 417.8 417.8 417.8 417.8 417.8 417.8 417.8 439.2 439.2 439.2
719.2 719.2 719.2 610.7 610.7 610.7 610.7 610.7 610.7 610.7 610.7 610.7 610.7 610.7 610.7 610.7 466.5 466.5 466.5 466.5 466.5 466.5 466.5 466.5 466.5 466.5 466.5 466.5 466.5 409.5 409.5 409.5 409.5 409.5 409.5 409.5 409.5 409.5 409.5 409.5 384.5 384.5 384.5 384.5 371.9 371.9 371.9 371.9 371.9 371.9 371.9 371.9 371.9 371.9 371.9 371.9 371.9 371.9 371.9 371.9 371.9 371.9 417.8 417.8 417.8 417.8 417.8 417.8 417.8 417.8 439.2 439.2 439.2 439.2
719.2 719.2 719.2 743.0 743.0 610.7 610.7 610.7 610.7 610.7 610.7 610.7 610.7 610.7 610.7 752.3 752.3 466.5 466.5 466.5 466.5 466.5 466.5 466.5 466.5 466.5 466.5 466.5 466.5 409.5 409.5 409.5 409.5 409.5 409.5 409.5 409.5 409.5 409.5 409.5 384.5 384.5 384.5 371.9 371.9 371.9 371.9 371.9 371.9 371.9 371.9 371.9 371.9 371.9 371.9 371.9 371.9 371.9 371.9 371.9 371.9 371.9 417.8 417.8 417.8 417.8 417.8 417.8 417.8 439.2 439.2 439.2 439.2 439.2
719.2 719.2 719.2 743.0 743.0 743.0 610.7 610.7 610.7 610.7 610.7 610.7 610.7 752.3 752.3 752.3 752.3 466.5 466.5 466.5 466.5 466.5 466.5 466.5 466.5 466.5 466.5 466.5 466.5 466.5 409.5 409.5 409.5 409.5 409.5 409.5 409.5 409.5 409.5 409.5 409.5 384.5 371.9 371.9 371.9 371.9 371.9 371.9 371.9 371.9 371.9 371.9 371.9 371.9 371.9 371.9 371.9 371.9 371.9 371.9 371.9 371.9 371.9 417.8 417.8 417.8 417.8 417.8 439.2 439.2 439.2 439.2 439.2 439.2
719.2 719.2 719.2 743.0 743.0 743.0 743.0 743.0 610.7 610.7 610.7 752.3 752.3 752.3 752.3 752.3 752.3 752.3 466.5 466.5 466.5 466.5 466.5 466.5 466.5 466.5 466.5 466.5 466.5 466.5 466.5 409.5 409.5 409.5 409.5 409.5 409.5 409.5 409.5 409.5 409.5 371.9 371.9 371.9 371.9 371.9 371.9 371.9 371.9 371.9 371.9 371.9 371.9 371.9 371.9 371.9 371.9 371.9 371.9 371.9 371.9 371.9 371.9 417.8 417.8 417.8 417.8 439.2 439.2 439.2 439.2 439.2 439.2 439.2
719.2 719.2 719.2 743.0 743.0 743.0 743.0 743.0 743.0 752.3 752.3 752.3 752.3 752.3 752.3 752.3 752.3 752.3 466.5 466.5 466.5 466.5 466.5 466.5 466.5 466.5 466.5 466.5 466.5 466.5 466.5 466.5 409.5 409.5 409.5 598.0 598.0 598.0 598.0 598.0 598.9 371.9 371.9 371.9 371.9 371.9 371.9 371.9 371.9 371.9 371.9 371.9 371.9 371.9 371.9 371.9 371.9 371.9 371.9 371.9 371.9 371.9 371.9 371.9 417.8 417.8 439.2 439.2 439.2 439.2 439.2 439.2 439.2 439.2
719.2 719.2 719.2 743.0 743.0 743.0 743.0 743.0 743.0 752.3 752.3 752.3 752.3 752.3 752.3 752.3 752.3 752.3 752.3 466.5 466.5 466.5 466.5 466.5 466.5 466.5 466.5 466.5 466.5 677.9 677.9 598.0 598.0 598.0 598.0 598.0 598.0 598.0 598.0 598.9 598.9 371.9 371.9 371.9 371.9 371.9 371.9 371.9 371.9 371.9 371.9 371.9 371.9 371.9 371.9 371.9 371.9 371.9 371.9 371.9 371.9 371.9 371.9 371.9 417.8 439.2 439.2 439.2 439.2 439.2 439.2 439.2 439.2 439.2
719.2 719.2 719.2 743.0 743.0 743.0 743.0 743.0 710.6 752.3 752.3 752.3 752.3 752.3 752.3 752.3 752.3 752.3 752.3 677.9 677.9 677.9 677.9 677.9 677.9 677.9 677.9 677.9 677.9 677.9 598.0 598.0 598.0 598.0 598.0 598.0 598.0 598.0 598.9 598.9 598.9 598.9 371.9 371.9 371.9 371.9 371.9 371.9 371.9 371.9 371.9 371.9 371.9 371.9 371.9 371.9 371.9 371.9 371.9 371.9 371.9 371.9 371.9 371.9 371.9 439.2 439.2 439.2 439.2 439.2 439.2 439.2 439.2 439.2
719.2 719.2 743.0 743.0 743.0 743.0 743.0 743.0 710.6 710.6 710.6 752.3 752.3 752.3 752.3 752.3 752.3 752.3 752.3 677.9 677.9 677.9 677.9 677.9 677.9 677.9 677.9 677.9 677.9 677.9 598.0 598.0 598.0 598.0 598.0 598.0 598.0 598.9 598.9 598.9 598.9 598.9 371.9 371.9 371.9 371.9 371.9 371.9 371.9 371.9 371.9 371.9 371.9 371.9 371.9 371.9 371.9 371.9 371.9 371.9 371.9 371.9 371.9 371.9 371.9 439.2 439.2 439.2 439.2 439.2 439.2 439.2 439.2 439.2
719.2 719.2 743.0 743.0 743.0 743.0 743.0 710.6 710.6 710.6 710.6 710.6 752.3 752.3 752.3 752.3 752.3 752.3 752.3 677.9 677.9 677.9 677.9 677.9 677.9 677.9 677.9 677.9 677.9 598.0 598.0 598.0 598.0 598.0 598.0 598.0 598.9 598.9 598.9 598.9 598.9 598.9 598.9 371.9 371.9 371.9 371.9 371.9 371.9 371.9 371.9 371.9 371.9 371.9 371.9 371.9 371.9 371.9 371.9 371.9 371.9 371.9 371.9 371.9 371.9 439.2 439.2 439.2 439.2 439.2 439.2 439.2 439.2 439.2
697.6 719.2 743.0 743.0 743.0 743.0 710.6 710.6 710.6 710.6 710.6 710.6 710.6 752.3 752.3 752.3 752.3 752.3 752.3 677.9 677.9 677.9 677.9 677.9 677.9 677.9 677.9 677.9 677.9 598.0 598.0 598.0 598.0 598.0 598.0 598.0 598.9 598.9 598.9 598.9 598.9 598.9 598.9 371.9 371.9 371.9 371.9 371.9 371.9 371.9 371.9 371.9 371.9 371.9 371.9 371.9 371.9 371.9 371.9 371.9 371.9 371.9 371.9 371.9 371.9 439.2 439.2 439.2 439.2 439.2 439.2 439.2 439.2 439.2
697.6 721.2 721.2 721.2 743.0 743.0 710.6 710.6 710.6 710.6 710.6 710.6 710.6 710.6 752.3 752.3 752.3 752.3 677.9 677.9 677.9 677.9 677.9 677.9 677.9 677.9 677.9 677.9 677.9 598.0 598.0 598.0 598.0 598.0 598.0 598.9 598.9 598.9 598.9 598.9 598.9 598.9 598.9 371.9 371.9 371.9 371.9 371.9 371.9 371.9 371.9 371.9 371.9 371.9 371.9 371.9 371.9 371.9 371.9 371.9 371.9 371.9 371.9 371.9 371.9 371.9 439.2 439.2 439.2 439.2 439.2 439.2 439.2 439.2
721.2 721.2 721.2 721.2 721.2 906.7 906.7 906.7 906.7 710.6 710.6 710.6 710.6 710.6 710.6 752.3 752.3 752.3 677.9 677.9 677.9 677.9 677.9 677.9 677.9 677.9 677.9 677.9 598.0 598.0 598.0 598.0 598.0 598.0 598.9 598.9 598.9 598.9 598.9 598.9 598.9 598.9 598.9 598.9 371.9 371.9 371.9 371.9 371.9 371.9 371.9 371.9 371.9 371.9 371.9 371.9 371.9 371.9 371.9 371.9 371.9 371.9 371.9 371.9 474.7 474.7 474.7 474.7 474.7 474.7 439.2 439.2 439.2 439.2
721.2 721.2 721.2 721.2 721.2 906.7 906.7 906.7 906.7 906.7 906.7 906.7 906.7 710.6 710.6 710.6 710.6 752.3 677.9 677.9 677.9 677.9 677.9 677.9 677.9 677.9 677.9 677.9 598.0 598.0 598.0 598.0 598.0 598.9 598.9 598.9 598.9 598.9 598.9 598.9 598.9 598.9 598.9 598.9 371.9 371.9 371.9 371.9 371.9 371.9 371.9 371.9 371.9 371.9 371.9 371.9 371.9 371.9 371.9 371.9 371.9 371.9 371.9 474.7 474.7 474.7 474.7 474.7 474.7 474.7 474.7 474.7 474.7 430.8
721.2 721.2 721.2 721.2 721.2 906.7 906.7 906.7 906.7 906.7 906.7 906.7 906.7 906.7 906.7 906.7 906.7 677.9 677.9 677.9 677.9 677.9 677.9 677.9 677.9 677.9 677.9 677.9 598.0 598.0 598.0 598.0 598.9 598.9 598.9 598.9 598.9 598.9 598.9 598.9 598.9 598.9 598.9 598.9 598.9 371.9 371.9 371.9 371.9 371.9 371.9 371.9 371.9 371.9 371.9 371.9 371.9 371.9 371.9 371.9 371.9 371.9 474.7 474.7 474.7 474.7 474.7 474.7 474.7 474.7 474.7 474.7 474.7 430.8
